Source Code/ascii_files/DEM.asc
north: 4928050
south: 4902450
east: 609000
west: 583400
rows: 512
cols: 512
null: -9999
[rows 460 to 482 of 512, columns 450 to 499 of 512]
816.548189214 819.761047204 823.800560448 826.258145245 823.356858941 821.115731444 820.48991427 811.029379679 825.890344936 815.809922901 812.204560221 808.747226222 800.55210807 792.250790391 777.039965615 766.644106037 770.208613134 763.971472761 761.729317268 767.907486621 778.342860694 787.004362802 801.86172664 795.426491519 778.95829359 766.106042853 757.59436665 770.507417129 768.793014688 785.865070139 787.846440949 797.147360698 791.499413909 792.93871495 789.173013703 794.920563258 793.188378123 806.332077259 805.431891621 797.746408397 789.679371671 780.650963116 769.245217513 771.744528062 769.757730834 778.784994889 779.954792818 772.327982076 775.671893149 772.866227023
815.580394081 826.418772366 832.279534371 834.044108676 827.958416581 825.635417305 817.373634728 814.862855423 812.319977869 815.674666506 808.447434171 794.675857557 786.53527599 781.095744305 762.50189529 777.47261414 785.578322137 787.003974721 774.747681377 784.819475372 803.021517421 812.072141492 821.046386387 812.184238403 796.249912272 782.86202083 774.973417199 763.633932494 776.859429001 773.524118182 785.557497241 797.730215543 791.815974659 791.840812415 797.05572174 799.309205372 801.120097656 799.736519165 800.478543072 795.815903094 792.688602372 785.497570587 778.940383237 770.888926793 771.032291515 778.136446344 773.289841766 780.820087297 775.170455459 778.515257873
834.541748378 833.129050528 833.32470552 835.51923255 828.050465863 823.021882171 817.033619813 814.011500327 813.516145178 817.058152476 808.57318811 789.122486565 765.63631298 758.709963446 768.718072503 788.691186673 807.073139282 794.77027149 792.785608662 808.829521526 822.528006552 828.597919628 829.114146381 829.364620122 825.174171424 805.624605991 788.858744439 772.329121802 769.096251406 769.128636461 776.899113651 787.444719019 792.943612725 794.423932112 806.209675653 808.151897567 805.579457606 801.962386264 802.596212114 796.973318434 791.581122865 793.187816502 793.823733569 790.906039447 781.807113717 777.783327273 778.567988163 782.880446853 785.789160758 785.806322147
841.983369454 848.589781306 848.501998771 833.396611911 831.779008604 825.265660255 822.03344561 814.776666325 819.181099399 793.167843098 788.250780043 774.243567776 761.829042523 778.34748678 791.687876015 809.540993347 818.371009805 803.426470731 815.172967853 833.445741499 830.9286543 832.682120443 835.887573963 837.114148541 835.488293073 816.774206088 804.081487272 800.142909875 778.298295826 789.833294544 790.620711371 796.965858624 799.972981468 796.804883913 806.339162787 803.26666168 805.61950083 803.918546398 799.702587281 799.214191713 794.689212929 794.347711683 796.220029536 793.587841186 788.894420386 790.627180513 782.913406761 792.265164765 790.755283792 795.426409671
842.392796345 842.197106734 841.690549677 838.328139521 834.558191939 825.588588063 823.245827929 823.116816837 806.665281085 789.640918211 774.654429458 762.598640075 780.620554133 793.153964747 803.327224274 829.394326993 830.144606585 828.411280563 827.756844531 834.538962961 833.574262689 834.720077528 848.828776114 838.944494345 829.185719157 840.716087393 823.402610052 806.600919673 799.061877017 800.183484517 796.44030161 808.735310671 810.462103687 810.984899623 816.677285667 808.335152493 809.362737918 805.350092703 792.27513136 802.205264929 816.382939038 804.350204537 814.04176334 803.340422739 789.557913187 789.941512868 782.495786161 791.470598013 798.760909134 807.22142114
847.203377045 846.324930634 844.032161765 833.031200892 839.640146021 826.47295068 826.662538423 812.760435111 805.160596431 777.597329697 767.31863009 777.7406862 792.615255742 803.309515649 824.805233356 825.07356322 829.866779485 828.39943281 835.810964383 840.428561001 833.297592856 839.230175413 847.129873334 844.647063686 836.409558991 843.78172831 837.244727851 828.679351076 824.453432295 824.386105668 817.039110832 813.709315226 819.025042652 817.293338784 818.738888187 807.026912271 812.385133956 802.788730176 799.853398606 806.173489532 802.692989294 803.332622047 808.786103354 808.993286202 805.168975967 802.593025403 795.423004329 794.08092083 800.89026323 810.445703808
835.443990607 838.451562561 842.899715263 839.618378596 832.922748579 835.263181543 831.458205086 815.064414566 811.142100156 787.886250037 770.291360602 786.501400387 790.866717453 808.993659312 831.227987052 837.893533549 836.889660219 834.355481154 843.51666632 842.93787889 834.854328825 841.955178465 848.54775769 848.687171619 846.584319451 847.990639753 845.409788037 847.121113716 854.277960192 831.156905655 820.960602317 822.509871944 823.902944818 821.977966692 829.27817911 817.843779677 812.676604285 814.941912169 802.063008969 807.456050907 810.391426184 807.363463897 800.607693837 802.000275524 794.271540298 797.253184676 797.441420155 792.643131935 788.310725737 805.413828884
838.419327348 835.149049506 838.183891386 829.255498336 833.907420365 830.215421155 815.436256957 808.811434659 797.072801062 795.726257331 780.228967964 798.773918244 802.511889292 822.735166811 831.910059835 838.799265017 840.214941637 845.804633556 846.361492412 849.058057684 844.207591264 861.236571536 857.013355992 857.116672494 855.476507472 852.04755475 845.789769964 844.822515197 840.959046511 842.770538886 837.116529573 831.100624003 822.014732298 831.388639469 831.078254464 823.550170154 812.035639821 818.652370639 819.039463565 816.497757275 812.199732288 810.293514683 807.81678878 808.743545409 806.946240942 802.354037559 807.630686144 807.024227119 802.278365499 806.91239492
827.004529797 828.167821777 830.166421408 827.026746033 835.514574846 824.004264777 810.818544183 793.652675851 797.306810036 785.321191357 781.941859887 798.608454076 807.419813462 830.913957056 847.532533769 846.845115103 852.051334867 844.004017906 847.681016757 856.643363058 853.55058187 860.861443304 863.006886611 866.696961471 869.476315466 860.387242141 850.578974546 852.70182003 844.092970124 846.599697834 845.192863767 834.110918816 831.277824506 834.631789932 834.846286146 830.267807449 831.485740499 828.823097358 829.828018987 826.187194729 805.481012353 810.111503698 805.808162233 807.946872741 807.262237707 812.123993115 813.499889076 811.716107895 810.751770156 810.915063837
837.836277957 833.640566784 835.251167046 834.309334925 830.50366256 827.147650509 802.318618626 793.522736655 780.387008123 792.157379259 798.639669856 806.342812939 823.830771628 847.177654522 851.772642518 851.529645293 850.832973988 850.138363135 846.414962842 858.111888316 858.876856029 861.970781565 864.400408241 870.575657534 861.692755481 852.494260137 855.26263177 853.676009411 859.415736341 860.329417665 848.61890462 838.84915607 841.640871536 837.387089836 836.480453095 831.226064105 840.648491412 839.356931919 835.45483437 839.422248818 829.665025104 826.97093988 815.552039265 824.258592208 811.440348211 810.868749228 812.422148175 811.84393706 810.372245266 809.710366342
852.193949999 838.953731915 828.172792033 826.848355177 828.65799909 813.718853743 803.301174185 784.715431023 787.948010717 797.232964417 800.169815916 821.951391597 840.198522657 850.702375492 859.241904377 857.04776486 852.094532156 851.9886168 857.725032286 859.826992558 861.73699609 865.816945383 869.662179936 872.879141619 867.65572181 860.353362646 849.106156226 858.055641361 860.274967766 864.547694939 863.003178379 852.452266527 851.655756412 838.778459313 837.28645871 833.73373347 841.657469364 836.829185437 842.270920073 838.326581891 841.448938679 822.136628857 814.198468979 817.791289963 815.525127067 814.633322506 807.515384285 816.538149458 819.175183398 816.312454251
843.538551759 837.679024999 826.852844661 811.988699171 812.655215437 804.918564067 790.042267743 781.813584963 789.224596009 797.419428538 817.934386179 840.365730686 845.445341207 850.000006824 862.604574862 861.247513193 859.671858266 869.972304381 859.180578247 864.225728358 871.764991741 868.740562904 875.619797023 874.362388558 871.772866728 861.830496235 862.106038985 858.617727526 860.583133963 860.353761593 866.033941537 853.094602431 847.681313783 844.254706195 832.249861075 833.778425686 845.682492698 836.781673661 842.319096444 838.576376696 831.129619057 813.889551077 819.958990234 822.621455017 823.427355672 823.496950537 826.425847387 822.3780223 819.812486891 815.366170825
839.880724941 828.934420954 800.906696027 802.690105439 790.702227173 782.991053575 769.009552459 785.648180264 798.496142204 813.621964906 831.871513426 842.239653082 853.160258778 855.323780503 861.160167549 862.531013007 857.419093982 863.814511937 873.143212159 862.954039302 871.669780186 877.224921714 881.888380495 875.936214991 867.406786695 874.337237141 863.55357821 866.257821886 863.889490927 860.098581695 865.750109917 853.177158165 839.538036754 840.548464421 825.617266876 834.974958351 856.653060297 844.517287669 850.825823513 842.669508857 831.271365764 823.156428983 814.772038771 823.585232217 827.264492702 823.213509942 828.263997128 820.901017342 819.53018157 819.466929358
843.54069528 828.943995031 809.78543651 795.460865322 789.704357575 776.720298831 787.552399223 788.829231818 803.269520895 832.513900184 831.33419923 842.985603918 846.549848434 854.470643714 848.379468513 857.183368292 860.936002648 870.718211276 866.755262927 863.932011261 872.558455782 872.067499509 881.581730696 881.887627046 878.387764371 869.750165656 868.847191086 872.096302005 868.184611785 861.148842027 853.564711451 859.786582122 851.039118964 841.600654455 832.117916582 832.420915816 844.07973534 845.425993619 844.042529717 833.403454514 830.86813531 822.569534426 815.099817998 817.954272454 819.156735317 823.802997303 820.366632201 817.022269004 809.179921051 812.348306205
832.98736534 811.868407874 792.270962154 779.488396321 774.944031905 785.72225183 794.78280382 806.2345576 825.774357174 822.109871111 829.979087433 835.52569411 836.795541996 835.952705735 836.885693751 843.705388798 851.691213126 858.017354142 859.792621454 859.479694821 865.518783164 874.115481874 877.33098338 881.294362919 883.593764755 878.339023253 872.135499831 875.527675328 875.717095046 861.127646261 854.654814186 856.660592205 852.131306808 851.708919477 855.888271818 848.776196077 841.04685519 844.398698495 830.408937008 829.371898981 828.91792735 814.30895804 817.727770723 825.150857386 813.742679359 819.832722292 810.932884778 813.501233238 800.822023559 803.827425498
821.464265595 796.693709031 779.558096486 778.25810311 782.687554009 795.343992725 801.246718965 814.441014355 815.049678638 818.62333228 818.468053807 826.399841605 828.477106456 826.963948434 840.961877451 837.451819927 841.776731605 855.356123033 855.233715345 861.538146775 861.313404644 862.851641464 863.193816165 873.268673918 878.346176922 880.057358651 881.38319025 874.320086143 874.063786399 870.257471108 862.953426001 854.234708209 849.959733797 863.586721347 853.394922534 858.432032013 851.724921795 841.759491868 839.046205388 820.652752825 819.193320204 812.58875043 815.496104168 819.635124004 813.122040313 816.15425869 811.304945558 814.597882404 805.125946394 805.400939784
811.539297562 785.757828202 768.958339101 788.782596544 796.175858909 809.252266765 807.964047526 812.983013997 814.232059532 817.241643104 813.559731427 821.020519792 836.794904267 832.218422133 827.291318106 838.142874249 848.701523362 847.113395582 847.676341616 848.446544175 857.213989899 854.134564533 848.952543426 864.121144381 870.219827353 878.083869313 878.99915775 878.273562801 878.119777096 860.91493802 849.588510563 850.705945313 860.306192351 861.756332755 863.782598031 854.587761757 852.267904718 840.534159475 836.638420069 822.985893279 819.977699203 818.250153342 826.274529242 817.645700775 800.731479125 811.521712294 806.21162393 812.213320491 815.3846046 816.785903101
806.396371356 789.520333031 791.60631791 797.654661137 811.146927222 824.828161778 817.187124238 812.232819673 817.907510326 814.477175229 818.166601946 816.815654476 824.366873078 826.638114024 834.875014067 837.098766791 838.41242957 844.625018472 849.656033447 853.762643518 854.409304647 859.969455674 856.483371326 862.775341944 867.271476631 879.808081693 877.721267855 873.565608775 876.470034615 859.776142751 858.062714257 863.369468461 855.491817339 850.052046983 853.564290147 855.859440201 847.507245269 848.086909421 835.819886502 834.313123954 825.044135708 824.794161557 818.651600154 818.357049416 820.700901861 820.440835967 816.311970101 810.442635538 815.839120663 814.152427775
804.099419655 801.439599466 807.841204207 816.863289858 841.118376101 833.797017389 834.35055382 824.664524037 817.894665978 826.343061671 837.281514956 824.202106744 804.301614665 823.199134948 832.393274848 837.77492049 840.182742202 843.941640987 849.9158383 852.873592363 859.957558139 858.074269015 862.124113587 860.767633311 866.528947855 875.169227307 879.246438743 874.99491804 877.229488146 867.968677946 871.331773984 861.235190356 850.109341404 851.359144905 849.944072711 853.259205605 850.594548119 845.055013314 841.462651349 832.164231886 830.290060993 821.397424647 821.947074275 817.834833745 820.914154399 824.892313498 824.272524896 827.029504745 803.96864872 799.644403383
801.327594754 805.403810569 816.913229973 827.105267424 839.091888104 831.043167414 836.458452565 824.513508763 829.720241928 829.366413085 826.697296276 805.229781564 814.818422627 823.410338765 827.490415942 827.472961151 833.637904021 839.311126124 849.047118512 850.380333135 854.988534798 855.934793846 859.054391783 868.832764778 864.526755045 866.650762914 875.902396238 872.543732469 869.954649861 864.196500698 866.246538724 852.066451499 853.400515779 851.277188876 852.77131362 849.712456078 842.295506579 845.65424191 843.960716407 842.535316473 834.615395737 822.449156702 821.766143542 821.28031357 814.573902363 815.357196487 820.181365634 823.974032489 820.662978114 798.727173347
814.539773733 817.514746793 822.854071805 846.058723221 843.812159555 843.823029032 840.380874992 833.139977538 831.096192286 836.532796432 829.808842678 822.66666339 823.04626406 825.485290697 827.364208251 829.534871144 835.431535441 843.516178629 846.945170047 845.074314865 849.120872298 856.106810558 870.355092481 864.372376285 863.513841215 865.043339346 867.987320431 866.266702093 866.446745494 867.685517658 864.667390353 864.408230284 855.28889222 857.01418857 857.40780702 849.916321636 840.876389792 853.939608 855.194098912 842.565843969 836.529253232 832.181921941 817.924697054 813.013213377 816.919781108 816.895579955 825.060922686 817.820591524 814.340210988 809.642194876
821.090125067 829.921766449 844.5718037 851.722585723 843.29148651 843.660478915 844.299889397 844.732501801 836.741830193 829.647279649 832.794829885 830.42613602 828.47026877 827.923724386 831.653839749 832.778644202 843.969187664 849.148947721 852.997366293 855.580798797 860.439759316 857.512725792 856.810568136 864.597602046 859.814179358 870.066351675 862.934016325 864.351277872 868.457016029 870.371474618 867.434639148 859.168965682 856.035260171 862.213430056 851.723092208 851.988614124 849.128052954 854.790676865 847.204817744 839.607412625 840.642045302 831.391070557 822.498866194 826.080981707 819.18111265 816.780433306 824.041135539 834.178443161 807.444867954 817.062241961
828.468210894 829.926611138 836.292688173 851.304415384 863.138142762 855.197722937 853.349777852 855.088393533 849.042397947 837.593650355 827.982433849 828.691535539 831.777066656 832.683631061 828.978192264 836.072205245 845.816781135 848.057767955 860.200739286 860.982421473 870.328819125 860.298646732 861.566398441 859.525781197 867.657313065 860.316698897 865.026188003 864.724607251 868.68096223 869.941664676 863.875207479 862.656743734 864.921591612 855.629128205 853.961097069 853.941062473 861.697803584 853.77269873 853.614937767 845.114571691 852.920942785 832.638576866 820.072343748 825.948290575 823.466963037 831.012793724 840.443549166 811.592368342 797.004804894 800.592304688
