Source Code/ascii_files/DEM.asc
north: 4928050
south: 4902450
east: 609000
west: 583400
rows: 512
cols: 512
null: -9999
[rows 69 to 91 of 512, columns 450 to 499 of 512]
679.631876456 676.070697777 670.372148992 681.061341076 688.553302065 683.600869541 682.47087079 682.977299939 686.627994022 688.998384924 691.98680007 695.358728322 696.229508959 699.526593428 702.74747897 691.742393526 699.075958085 716.001723686 713.15234511 725.839617547 727.299053319 722.699959366 728.117470672 733.675249441 730.020181358 736.527438151 731.311541753 733.216086968 736.861227831 725.870774773 717.858324748 723.973690342 727.709945047 734.50214089 737.575520449 731.915281586 741.758539842 739.719792507 738.316044223 732.85494367 733.779968815 732.881533497 728.328009962 725.33968634 705.730073331 683.95275976 682.376798616 679.593210587 683.842058659 683.560598963
697.671515223 680.076948047 676.720220099 680.321986346 693.833729019 686.033766047 688.057650223 687.539469471 685.785641699 694.721677041 697.707277437 697.114004537 702.593496418 703.855918099 707.784581084 692.948722279 693.210869485 707.073495388 701.670726486 718.387791078 732.20386216 728.544659795 725.215508618 729.215050064 725.106580365 730.796621398 733.743643268 730.205137933 734.055123889 730.07313696 725.737652006 735.059297402 728.476427007 731.770828101 742.269338468 740.311077808 747.895266541 737.230367062 731.212512919 728.881798333 731.589797774 730.193561006 724.447109434 717.724130543 706.246572988 699.564815596 681.772243574 682.951619549 686.069543738 682.682577045
676.19787787 680.583266901 681.57597089 681.380116406 690.190399642 683.865903926 685.212757601 687.363124952 688.503162072 692.011225952 697.120124515 697.952927131 698.127713393 702.934707734 697.552521372 698.039278431 703.579941777 704.238298143 709.447846291 712.459474089 721.145716407 729.240315216 724.027503428 725.936921633 730.199237867 734.435527032 727.063748702 721.270709815 718.892104632 724.339728312 729.295269469 743.030613682 735.216466772 730.011540908 729.815297216 727.510621005 722.916765896 715.914464281 710.055551207 714.722998385 717.240101553 715.603046831 722.844346201 718.797987035 715.153221289 707.310694832 693.183103488 696.303934534 688.558503867 686.916033009
665.66347865 684.166098988 691.18838117 686.295249426 688.130339008 682.831332894 683.31001764 693.248550823 689.513027323 690.545935166 691.765132294 693.262630738 707.939031612 701.98632355 698.292274834 697.181269956 697.533619716 702.054230721 720.480315022 717.785244814 715.848142781 721.440308026 718.006076308 721.033485874 714.696466079 716.934324011 711.549193588 706.982765484 698.224966593 710.659902986 723.500780052 724.136333066 736.961399496 728.919546075 719.543032137 721.338575541 715.023682085 714.547756432 701.588424927 701.695725052 709.802287481 716.003789704 719.327828862 711.411276697 713.895324075 715.758017316 700.34487691 691.604229656 681.771333316 686.306214487
673.431612766 671.650834291 691.668587001 683.377216255 681.081982597 688.513448007 688.568423814 683.681412683 689.203602619 692.20395654 686.097438208 692.926780654 697.055895299 694.13492274 700.330512536 702.659087545 698.923220661 699.940134893 707.043131587 715.381144271 714.351799278 719.917276541 725.983782543 723.704578916 702.342580565 708.499366322 706.480305955 688.910364004 698.667330607 707.601893426 719.842941678 729.695131032 735.342320193 733.713485422 727.419399747 719.337056239 720.051440204 720.526361021 714.964755607 700.086911767 707.435069243 702.719856561 713.13704333 716.612705802 713.600168389 706.98006864 696.929843483 690.363250218 685.695675238 675.973624466
677.02852842 677.509288664 675.394763895 689.303404956 669.454358412 684.426817546 690.554291772 681.552587926 670.704166731 679.132336989 681.128186632 685.965496788 687.879562867 689.605154399 696.147748301 692.66243402 697.549907365 703.669808639 696.665066239 704.404573299 714.157641815 720.144843546 734.426087826 711.110953592 706.234158012 701.055496387 697.400304932 696.454912719 698.397146633 708.783649246 726.583027684 724.162010549 731.002642626 720.490765174 725.157318804 724.866432254 723.495362709 716.018999536 719.447505637 702.460243891 697.086607122 706.325896033 708.466666504 717.364044951 709.618261735 701.493199809 678.276317015 680.568435036 672.874437317 689.092824251
662.953775058 671.910904904 668.522265101 673.518575239 685.026964256 692.969645662 699.233223245 692.510683094 681.73046976 677.269489074 684.563354934 688.555528956 690.72830884 686.965187307 687.597904275 694.331890365 693.028712614 694.020128869 695.299852301 698.562917156 705.410766291 707.759449618 713.28239188 707.773197832 698.66649278 697.846044056 699.72975336 702.346746574 706.232468658 711.348559048 714.532474867 717.575968028 718.034554102 718.112621761 722.889953689 713.511175115 711.87058627 717.190793725 710.815323661 698.106635528 695.12384191 706.450731413 705.901901612 706.508332726 699.272245161 693.222224049 677.998717172 672.116862906 679.942076065 691.226452554
661.385529241 661.638954863 666.41100093 671.983715414 685.516601239 693.406557327 703.464332935 689.167081528 673.450286931 678.38649881 681.529516084 683.291830193 687.527028044 675.217620912 685.037429422 687.213989847 687.349269823 687.72926201 681.708207179 694.199037163 709.868039608 701.755452706 703.327376742 704.596936553 695.37755012 703.414632797 701.870909455 705.783690795 703.621361124 700.28417617 701.166585914 706.481169498 716.124603238 715.200964447 715.354631168 709.6377586 709.473953033 715.04355271 705.39476917 702.907638091 691.487907054 704.496890782 692.637185729 699.37416215 692.720793175 681.322877247 671.024437293 672.819121891 684.324634076 695.758880684
655.648599684 665.797331648 664.075849198 672.650569778 684.032761612 686.453494492 691.070270915 690.103073604 686.115227667 687.977693515 686.404375259 677.807482366 684.210841677 689.594957596 679.006043467 679.981898092 684.396685603 688.431297362 686.005144224 694.35314122 702.373539626 704.321482583 692.569336314 695.565713186 700.039137426 695.712111323 704.307603778 712.881283126 699.412008321 699.798455784 695.604436853 702.737207011 704.592155556 701.478408609 703.839006803 696.123967238 706.666302378 698.303160472 701.559968835 693.599473932 702.478630463 700.626471058 703.973571843 695.802152691 679.882147367 659.008591606 661.407742497 677.399064924 691.83290341 692.123754429
666.591549968 667.810414101 676.108870553 673.693388158 687.392570388 688.822431955 692.548295725 689.954150866 685.306834919 687.446597687 682.506854106 679.614510946 682.891250117 678.19152706 673.03944079 674.536467891 683.422835366 685.172871069 688.867361916 696.188225786 696.701312463 696.124454434 690.053609227 700.325385503 702.690689125 704.710317442 708.280863728 700.980001676 696.505618761 696.837658592 704.557457878 698.264967165 695.187812966 690.24733156 693.545662477 699.355266909 701.040994476 698.540345881 695.941855392 696.355519554 708.536977151 703.381742004 699.066902774 683.087425807 666.693021719 660.146265442 657.742114341 675.946341234 695.541574075 697.370451881
681.705081771 686.402711165 676.917157637 679.734409769 675.752947096 676.105362167 675.444453331 687.114521032 685.210148388 677.789715713 674.280507122 665.372493812 670.612431021 677.127373206 673.823355973 677.898959514 679.783208519 696.157171226 686.535350228 697.22574761 696.323020623 701.782925869 701.91618553 707.976068032 710.297642403 707.194596385 697.855721459 693.569542825 692.897028312 690.10289928 697.491107079 689.086263874 687.33615533 690.833644517 689.822135653 696.874202134 695.217060627 692.947965473 690.998298266 692.144165827 702.669003354 699.44912071 687.072369217 677.089065836 661.992517122 653.314343642 659.810490958 673.712553907 685.898058436 701.006679041
690.960922474 687.420251341 684.191463802 675.837802414 676.350790962 668.195180639 661.995557541 676.740424356 668.557293814 675.382837147 671.618127782 667.811306578 667.05601415 672.250887271 677.653573481 682.238325795 702.359521237 689.750927092 685.821372537 688.303475406 689.091661816 706.729278173 723.401655649 711.647073438 722.793970386 706.740660664 701.55320775 704.037245213 700.27898254 696.276324286 678.914055868 688.398965932 680.509846189 682.318345402 683.472088027 688.454816358 689.947819648 689.518719988 688.955455277 695.767665417 699.889327207 695.617447457 666.790324355 657.066491042 645.035144699 646.610510964 657.977106889 673.879443252 693.222904315 699.204395748
687.309599303 689.216489085 693.139080592 692.366868474 680.190500526 678.729974482 669.353803104 681.84936728 681.128211485 683.353308829 685.57028647 689.210392387 679.663593885 684.057386111 684.205690834 695.953031415 692.436954287 692.343010464 688.399299868 698.732532045 699.321257406 704.864867839 715.243493575 711.401347204 705.937596187 708.684317441 702.391472332 703.969602736 702.898479078 700.665661252 687.224171499 685.049122884 686.504714269 685.749070107 685.265103429 696.301483816 682.448314047 684.620977978 688.295818323 686.658601686 692.084102883 675.818899967 665.269481088 655.414628659 648.655941578 653.446066036 665.273510131 671.368243972 693.099188644 688.323739279
684.038483756 684.223669616 690.847224544 682.004610661 691.023150069 679.258998995 688.329948191 680.671315934 692.95303515 685.800825592 681.83146627 686.846371267 685.88894798 688.628846518 698.570476024 695.563658496 699.471676082 690.074523014 683.659048363 694.710793079 704.506625511 713.071028371 723.309705924 719.180889647 702.869751322 702.268117967 696.379147756 700.270125631 703.071321918 695.122645168 686.061889615 688.001658564 691.841520947 690.459932471 684.162200114 677.559098816 678.379620317 688.860740908 692.822561118 691.162373173 683.326641234 678.05039213 661.254711541 658.992309728 647.227377998 648.636540916 659.399536655 679.365828783 674.29132202 682.409953922
677.810954703 677.803823505 683.914648752 697.911088238 701.480528615 686.477096844 690.838941688 684.442538249 683.327116952 679.164472863 686.340722941 679.132478694 692.98610463 703.450402969 684.642939116 688.240120071 698.42233737 695.860477565 696.363232551 712.852322126 710.346238662 717.233810996 710.894306207 711.171783692 706.076251202 702.234314883 697.405733959 698.481562396 695.699349331 693.243675536 687.556807388 681.273835137 682.630163213 683.849691766 680.305558631 687.157997759 682.953152157 687.749710549 693.86728941 686.906616766 680.674732287 674.197435298 667.020508148 648.311570372 658.844077909 650.49373639 658.794231407 672.579509669 678.196221395 681.386591763
679.649674275 674.164657964 682.033427928 699.586425561 700.890878363 695.433588278 697.291276743 686.073820175 689.837699477 674.121649505 673.398997039 687.498028107 712.153051043 696.025262363 676.959854259 685.499675586 696.916068457 704.468781221 709.159516881 715.236424156 720.75236008 719.358623186 713.452335639 714.447590295 713.247345651 702.886607579 689.9859219 697.893751507 697.613072525 680.049506308 671.288968128 686.154640613 682.059769354 675.721377859 675.305044824 680.8457354 675.206074935 691.266416271 694.460046537 693.825431125 689.690530394 677.411172188 665.671128553 656.335682036 653.504485915 640.064586919 657.377679368 667.182631585 668.068153224 686.152434427
682.705750645 688.996177772 691.050784342 700.146637063 715.154114628 707.662840474 696.845455026 686.361805969 681.488378252 689.281186612 676.336206364 683.283658819 688.178253677 686.461364067 675.365101646 684.538054702 698.963393944 704.537070307 714.45320179 728.779903944 723.37461409 720.034698335 717.72503447 716.63147297 706.111184584 702.576278123 702.570847469 688.565070628 690.128245058 691.895258993 682.349592889 678.748379376 683.740347941 682.650097059 680.467074465 681.834505493 682.328840978 692.719921113 692.475732043 693.136079577 685.402626791 681.316290688 665.394076154 659.050481078 649.000432917 642.501023574 655.88594798 660.894411984 686.504875898 687.944163303
698.965572719 701.490884187 699.125642505 715.033088008 722.311743177 713.713550188 701.093481641 681.161703696 678.885908343 675.722756325 691.970062851 679.869726943 673.976537056 681.571441622 680.472845084 687.796686059 704.558523422 710.561417381 719.037948821 729.601604674 735.166088996 728.758524256 719.738092007 712.059035458 706.468219263 716.702051971 707.34180518 702.275161562 692.197932164 683.132520369 684.798370016 680.229968799 677.115254825 678.344587501 669.934872317 679.933246446 679.647794696 691.896582347 701.76747611 684.919558248 684.001328968 676.340284636 667.996491172 655.562473011 644.113444736 641.559820727 648.406002192 657.889731957 685.991311353 684.871174653
700.844820806 699.459109399 704.421328148 709.88530537 715.037346854 711.824509136 694.31450618 679.537904762 676.56020323 680.705076583 682.347340081 694.607522453 682.266110877 683.181676983 689.537079011 690.238528009 710.835830104 729.668302687 726.035467533 727.116650149 728.675900871 721.615987811 722.582710648 719.393164081 713.163022009 700.243399057 703.32982211 700.611147424 690.116099526 689.449780602 683.079702789 676.908556826 675.981855503 675.521996936 676.846930229 682.180177588 681.992575487 678.297567806 684.361007836 680.318597024 680.917325511 674.469881473 658.358921635 647.739071674 639.884991226 634.549011566 645.501244316 663.880952411 678.650598294 690.339708487
706.070812697 705.582661465 696.046513699 708.670305685 706.33159366 693.470741465 678.973496006 680.799567538 682.004144322 682.092866176 692.743034358 680.589806337 691.692777563 690.24122711 693.57524696 693.189655409 704.547329637 708.226601374 711.136679224 717.407451821 725.916949324 721.235731932 715.689912261 713.77516803 713.059735842 708.700211925 697.199801162 695.816673392 678.098700532 689.262735635 673.702163352 673.771871493 676.980331482 676.473709864 677.665711947 678.768157203 681.338743837 673.330411804 678.4249996 673.787523706 673.697735033 670.643067803 659.934393437 640.45621679 642.42396364 631.90132003 637.828712558 655.486329258 683.717084192 686.992209845
702.924902694 703.361850835 704.121572398 705.382209259 695.888856538 690.383682573 684.390253883 672.445254599 683.266724272 686.774025419 687.181024776 693.684931241 682.854936479 686.713402477 692.869601332 697.910894996 700.760566172 709.189661328 713.257687157 706.800976751 715.933993373 709.927434997 708.891953423 705.970061115 694.150186995 699.047775302 686.626287306 689.429791958 691.145225022 691.051852618 675.56878749 675.488290943 682.539792012 682.560094826 678.829177473 680.391370988 678.961103723 672.286758994 677.693759299 670.515404039 671.940920434 658.099235782 649.674030487 647.391709811 646.976858144 649.067057785 660.302357039 674.774153009 676.553675993 687.408269064
698.705426384 704.92929593 709.010810874 696.483146676 684.445090053 690.139110958 689.415731522 682.855229226 691.629066085 703.287922361 706.434275053 695.553759509 687.971126611 691.76980717 699.687024654 690.948695838 698.349937276 707.08601911 708.580812673 703.558390866 696.229758 702.359036883 701.418992018 690.025977517 685.068695744 682.296777664 674.228579753 682.551898331 685.29386269 680.610245819 679.98912399 683.128159751 686.177360558 681.515656786 679.89595814 684.770785951 679.321831237 676.601245062 682.714257098 672.536686615 674.710185561 659.535145698 651.789805332 648.330784127 654.253741903 658.901832586 661.646104824 666.965894163 676.704729428 690.172347704
696.855414042 697.806097203 692.467017243 679.869552426 689.104674834 696.207985918 695.907989517 703.450267133 702.375173585 713.393371855 712.429354262 709.621866112 698.789540237 699.219899027 686.842228239 683.768985646 700.395404389 710.790707332 702.021069747 694.657144124 693.407012682 687.959071241 679.120504643 663.338515981 668.545687149 677.299654881 672.090823253 673.972344612 676.251260543 671.572752472 676.678851286 680.718587262 694.419304477 693.803359457 687.850770383 691.167795979 679.588099591 672.881542046 677.96055993 668.314921458 658.225899692 659.571551084 658.360614762 654.469159274 651.228724882 658.093864032 666.855661331 669.16618114 668.330931767 680.02074354
