Source Code/ascii_files/DEM.asc
north: 4928050
south: 4902450
east: 609000
west: 583400
rows: 512
cols: 512
null: -9999
[rows 161 to 183 of 512, columns 400 to 449 of 512]
725.94515249 715.134841343 706.405643769 699.89362822 685.54987362 663.795628028 653.186187981 650.56663676 640.038454687 631.050414564 649.699262856 648.704646275 669.992080165 656.823112346 663.003557609 657.844690205 661.879748639 654.026762474 657.42766059 646.954982739 649.218316706 637.325954729 632.249252028 632.503268342 647.718060575 661.468630957 671.13262442 688.006268324 698.320466694 705.804291992 715.210723713 727.342331709 732.417916764 728.027150158 718.769713694 711.086042195 712.096127158 712.465460761 701.448166392 696.514742531 688.979396697 684.023752852 671.10215387 666.699022731 659.51810613 665.446594325 649.184325089 643.743823895 647.992276481 620.452353981
723.391375281 713.21016034 704.906653071 699.829449183 678.201206308 663.024571533 652.694209141 648.827021194 659.971678153 667.28986436 671.424003478 676.479725705 678.498729954 675.821669292 676.513363871 664.11528651 658.574287499 662.235026625 659.663477159 648.602471488 643.345458539 630.605319324 633.618137394 652.786033072 663.943046825 676.723906631 676.311637685 680.735584217 681.813873922 698.863686498 710.555515572 713.891956833 726.332455722 716.720150505 709.515890893 712.020309802 705.911361645 711.548936386 704.627583681 700.930670092 677.799652003 678.32925767 656.051050221 660.085393093 658.556793908 661.445425219 658.388763456 652.131608435 634.524889214 623.520190662
717.008778812 705.525850602 705.097169678 707.194190147 692.152330714 672.073738367 656.475560616 655.837253777 667.921562502 679.576250483 691.90877978 688.894897588 681.407006871 682.611961165 681.961818224 678.060812413 673.055501233 664.414760678 657.706047556 646.742333095 641.070035637 650.542157209 648.292525622 656.506056164 670.105496264 677.718549836 674.73199094 680.318022568 691.333427284 697.97039815 696.442865061 702.117351715 711.203269253 708.471282979 716.481329827 711.990589823 698.985676231 704.389223341 697.66725971 696.395726317 685.675021211 675.134474089 670.658158972 654.364639768 660.049255005 663.921612855 656.096405713 652.313001695 653.875613819 634.051253437
718.265684998 702.603014896 699.98694243 705.031358052 678.038149319 663.988471428 665.473116679 659.586319808 673.609085353 687.489217917 674.264928821 682.499495619 675.422145185 688.879501049 678.845971239 684.852852757 686.199783875 669.249237147 650.434968636 645.281875864 644.914946286 657.8853545 673.315656579 675.71730223 681.207040791 676.74863825 689.981979703 680.824128226 678.669602292 689.261526208 695.296842261 701.104919769 695.438012347 704.182376703 715.847196329 712.292310918 700.615937347 705.1479318 694.098559443 687.192290456 694.780845142 683.07481317 673.129964091 666.991647631 646.881590261 659.956098526 667.479663944 657.735385907 663.956978313 659.125742589
706.073175967 704.705306647 700.459214372 694.085358998 669.468119083 654.60307966 661.267154476 678.049628737 694.544704017 691.629477687 683.098892201 685.79752431 679.061277443 688.434059817 688.43843395 692.389361452 681.819998644 664.129364876 657.65123237 639.406110482 643.021945766 644.183050421 653.450024225 664.411106427 678.044127341 671.161763244 683.932715514 681.685718183 680.383620268 693.18909446 686.621112418 694.496198553 695.727582052 699.166797169 702.157725005 706.578585294 692.41534128 700.564835802 695.132043347 693.54277016 685.888687506 687.619772135 676.882949948 674.040275616 664.003746082 654.312835085 663.576244453 667.906984705 669.498783833 658.895524635
702.849624911 699.177322722 686.514831296 673.066494254 663.302550537 652.058687392 655.025386618 673.332614956 683.032009537 681.562247019 681.221364149 684.863203852 686.304635895 691.400566357 705.761900654 700.417667321 701.104613126 673.601567788 672.241547789 640.009668375 630.589028526 635.559356764 640.794652015 653.552948589 659.873612498 677.210962152 681.848389699 682.386373223 682.207992899 693.856547538 686.921276012 693.44522384 700.419667539 700.756030463 706.761876795 696.215597885 696.020086586 697.079362241 686.952643163 688.240581452 680.10462443 676.046775275 680.852578571 675.077831118 662.297879669 669.569333109 672.632234135 663.888772057 665.398100806 663.394128586
698.329681884 691.26320433 693.995217915 676.387924582 672.221919186 654.268234317 663.01748764 676.103319031 685.094035128 678.913406153 681.288354977 690.181988425 694.996526839 699.778209798 698.834947337 703.263600619 702.073782422 674.640195937 663.908010853 636.688035651 622.77726462 624.55141341 622.490483632 632.341212882 653.093229259 661.172603175 678.724746822 681.506654513 674.79098716 677.865171634 682.051147232 689.993058218 695.133065775 703.483507481 700.337451295 697.27037824 700.362864378 695.035250058 684.747447772 691.231571863 687.378119849 675.274999238 671.150568346 678.322143651 667.663233975 663.289028158 664.183939326 665.813297399 669.239078741 668.745347507
684.119444207 692.203609586 693.533150258 693.948069962 680.947581725 669.850447036 676.818638804 678.504344069 678.488982105 669.895488429 677.297393736 683.504299102 699.229759135 694.061927274 690.366017486 680.904294914 706.765343265 688.57808713 662.091749879 648.968997452 635.042375633 614.914917911 624.595074423 627.201273256 636.278009752 668.005190825 669.738317964 674.291801309 668.849439782 674.330659407 678.695140477 685.236937111 706.349769782 698.17366591 696.772023235 696.25349795 698.801561131 690.471630167 677.808296878 687.877122243 675.71033353 672.724784538 655.070176373 663.417718265 664.267030374 663.766847474 667.977780037 669.425500033 675.139888242 665.894996887
693.517050739 693.736110937 694.3219503 702.555319761 685.623866991 677.70179854 664.37596223 658.463241691 654.892593161 644.756128221 668.647022849 669.34786548 687.469492482 686.163079367 667.715274804 661.725221939 673.953008342 664.286000291 650.241918146 636.185344266 619.189390169 618.837324048 628.893310709 650.206216277 664.096141358 665.763995659 665.736919642 674.188113488 673.675432185 677.838376583 674.174297629 686.993407503 697.129602393 686.858652814 683.086617756 683.92163097 681.657574628 678.272609059 681.524979914 678.181441043 672.572221492 668.968296554 663.958197859 667.244750498 669.421341955 663.132252438 665.794998225 656.92061567 665.280448653 665.932097635
694.191269476 690.580227096 692.997409485 688.256444745 683.453231794 663.332289657 660.142513205 637.918241815 632.0401484 641.183601924 647.469847978 652.84303166 674.272727406 661.787136193 646.783617604 638.645031573 654.058066823 657.049206248 647.995861355 619.79258136 631.175074474 628.997264911 628.205590871 661.670208742 666.799480774 666.240739432 669.593049583 669.370642681 675.065913771 676.230591013 675.656510878 682.256062659 676.660618669 676.457796117 670.855289929 670.310464094 670.188739385 671.179858147 667.325151083 668.000370874 674.723812656 671.264302481 674.881910158 662.570940799 670.229106472 660.723954009 660.615783964 665.408786041 668.584695868 659.586437228
683.622196443 689.481483113 681.409278296 677.730436397 665.054192107 652.235017829 635.87181918 630.098757658 622.831624864 634.473028502 641.333553627 629.987003968 646.906802576 648.032482167 636.251840592 627.264369058 647.606602828 653.221409525 627.683819509 633.957912627 645.990669334 646.839403716 662.171835079 669.572471445 669.288669126 675.716141929 678.754204669 676.576695919 680.241306921 682.593090514 682.401625931 682.886459779 677.266103652 677.715409714 668.130783536 661.038226423 662.098589544 663.831386718 656.850220459 672.277022632 665.854460834 672.214536534 662.854548893 657.69014161 661.687325109 662.470480471 656.378477959 661.571906025 663.206707547 657.685503014
671.579293791 677.536590419 674.04459468 661.578384038 644.964913144 637.639617827 619.538817067 631.637223984 634.238181896 628.621978654 628.120284732 623.943056756 630.498279606 626.579133816 621.886553146 639.778299835 623.950550294 633.637378833 621.422851186 636.370108905 653.637449723 656.214630865 671.184205366 670.399171129 677.172421194 683.359728461 681.395576285 678.651066753 674.361545896 678.232761325 677.942120112 684.124785956 674.495662399 670.211426215 654.895844825 659.454238665 658.933080409 659.230909897 666.200418608 668.634083812 666.126613521 664.43743011 666.721190465 664.77939214 668.518710748 670.029500951 674.253362518 674.371828483 674.033131454 666.93815166
647.553262071 659.629364066 656.241761863 651.889296755 637.682851415 616.924988418 638.767423151 639.713038556 645.458738875 646.536461797 632.403811993 629.259967301 622.752741392 613.599338331 630.715445388 636.098575439 647.008157437 641.857651189 643.995748301 649.767006184 663.565510041 677.578457197 671.740397178 674.988691111 688.997594185 685.840925647 685.232327959 680.604030371 670.63716251 672.972441371 673.801092281 676.828591247 675.666967501 672.583730159 659.542269114 659.854272297 660.898216023 657.659034349 660.509262546 670.925178631 662.224055679 669.568320871 664.788366468 660.856557785 662.509102236 667.125579912 668.572461739 666.948418883 665.391711731 666.642030011
632.111284509 644.533167928 646.389075725 635.865011305 615.881249565 631.207084774 644.258188474 654.132420833 651.934329664 657.169237051 644.743935794 631.9281303 623.171256762 633.236184778 646.419310639 653.007115637 646.815667921 661.227727619 664.002306146 671.408068962 676.45447222 668.750750709 668.177953092 676.870812438 679.643681028 685.477052412 682.123466025 683.737228389 676.572259955 670.324810923 675.429888844 673.347264871 677.937610799 672.346897835 663.213196817 659.817241464 664.777541182 658.412740525 654.811165879 663.636979321 663.009112656 666.713410722 669.900236523 659.737751585 653.585680345 663.806600083 669.725352733 663.194695706 667.397734422 667.196039913
618.557567679 624.992426332 634.515448631 641.789182266 630.499439499 641.643866169 654.770658572 660.544128657 672.648018811 660.552717922 668.069693008 647.445157226 643.601395239 652.038553094 657.151846225 672.804857337 671.93316549 667.711393938 676.49465753 683.818507478 673.001367962 673.897483655 673.924083888 678.646041776 687.050760859 688.802474638 681.995940647 681.870565668 676.796032945 671.814156369 667.540772783 671.571506928 672.14085899 667.935960302 666.801660451 662.648509323 668.414535343 665.148124089 659.059999105 660.211690736 659.548332351 653.436531912 657.66061869 654.682076106 652.969390519 652.307548123 665.551068341 662.110584589 660.568759964 656.544447921
617.443796705 618.092674698 632.523916072 648.722880461 658.153622081 654.656340607 673.428442684 663.906666021 657.323347197 668.954767597 669.591481332 670.649467454 669.752589226 671.167291234 678.803272772 693.58234272 697.821165662 689.856899188 683.452771514 679.96811375 682.70330008 678.470053293 680.651407739 684.380119371 694.061093378 690.045129497 677.476957104 678.35203069 679.608880899 681.347050885 680.683168811 672.909826706 660.34326049 673.523265292 666.75581038 662.849842752 669.64016095 666.71782838 664.290207091 663.216836372 661.733175 656.15708753 654.361187864 646.23783981 648.431732806 659.82881836 666.412994746 659.626885162 658.192111114 660.053455202
638.693660565 635.594677769 636.998577148 640.191221082 654.280165425 673.895531261 671.700315109 674.712100768 681.25114578 682.386252754 689.122811992 682.748720212 682.427394511 696.18803265 691.202391307 704.323923035 697.120443214 694.812105194 691.072784815 691.562804344 682.486289512 680.653918737 693.295130674 690.649051242 695.485609583 685.956709744 685.667627804 680.04577417 677.304740163 669.629781732 671.334644468 675.630461415 672.009142701 664.172758131 670.160038575 650.475948196 655.169822383 656.756167002 658.710230306 659.926901488 651.649858212 660.578000596 658.883503339 663.686278757 661.035721714 659.462459233 662.33412941 663.185027591 658.909283761 652.742795403
650.543237591 655.001268364 651.408309271 654.628661272 672.520924247 682.532862424 684.576613433 687.576072612 687.296846349 691.168427162 704.894866263 699.363122697 706.398581057 697.958538982 696.987714844 697.742290668 698.166683262 695.43787945 700.436738029 696.151683446 686.39197898 682.023052724 694.979878212 690.172670838 692.013226916 685.396386833 690.597035802 689.367182117 686.318411153 678.941104149 677.603502594 670.217137994 662.344196912 662.401615936 663.434276837 653.850457064 650.719052311 649.75002257 650.294273582 651.117524002 654.659377969 657.977848041 662.95222687 660.669836673 664.196607518 666.95486586 672.659845098 666.915453893 660.26381023 649.977464793
661.834017368 668.985479116 670.270783233 682.283133591 675.045848479 690.450164525 689.631662959 689.478430044 692.679276967 688.677085179 691.918270407 689.565902429 698.891744544 693.163014095 692.886840987 698.405814165 695.764819226 687.704730999 700.242505245 687.084350248 687.771172007 679.515178047 680.839178194 686.901208712 678.503414971 674.81708504 683.675528359 687.667189377 679.829443659 671.621902164 674.076937803 668.652737476 667.063270722 659.069955368 662.187297462 656.407646596 661.70764164 653.764578368 649.303182681 654.852469199 657.217825946 655.880179934 663.321444227 665.447629487 669.476731901 671.457971146 669.781999763 662.768032941 658.357744419 648.976967931
676.1116128 685.97985669 681.731491038 684.191560338 695.633194429 693.886628533 693.74752518 693.237843526 690.205605711 686.284891473 685.685695756 695.488599529 697.216083877 702.975299893 699.516755845 695.640087181 694.276769206 695.605788293 693.25044306 686.281671703 684.15938057 678.29144183 683.807902003 678.45236831 680.064597513 686.372593875 686.827575696 677.006042415 663.364692329 668.866281058 692.980848449 679.015077743 672.318288493 665.478911769 660.287899799 660.662409237 653.078063122 657.048083766 649.203337202 651.995956833 647.10744914 655.54597915 664.235259053 672.129886303 663.068619771 666.272383839 665.789772652 664.177319363 653.711014302 653.346614647
679.383779312 681.315762578 684.4572236 685.88799253 691.663307412 701.742250071 695.66374117 688.808590655 686.708488493 681.859505489 690.012543538 701.578768032 696.327101088 698.423409715 698.009725005 691.234175156 684.963823876 686.801710258 689.924229595 687.773685078 684.474253312 682.705706614 680.309517125 688.535645244 691.601938171 680.881523606 680.607746372 672.344430432 671.301246563 679.414880987 679.8137528 679.34373818 682.541003782 677.430128743 673.682387259 665.663307282 668.07551997 654.454701805 654.028525511 661.815348283 655.300365372 662.364078696 658.145328662 661.517092459 665.004445291 667.088333494 661.361099323 661.784922283 653.790886209 642.065154241
669.703561489 677.73879233 686.623289587 681.986243862 683.853905153 695.618087431 692.293404447 695.052435421 694.616440479 689.744430079 694.542334026 691.121989582 684.058270605 690.628359287 685.084271465 683.936783332 694.378001174 684.700661092 687.207012397 684.660146506 680.701159459 685.90091185 686.760345504 689.758041178 691.380744826 681.594789818 682.141839716 679.785496936 676.762520044 686.966353979 678.762917514 682.382703496 689.552848983 684.307252602 687.186397816 673.927176894 664.539576665 653.188577186 666.268937924 662.093104026 655.232856252 659.928218124 663.753573953 668.697466829 669.79792254 669.292164593 667.187612924 655.809480069 647.695793505 645.365210407
664.603937948 679.216301135 676.507639937 682.134850346 687.658436826 698.273970649 694.255334187 704.666152382 690.250800246 693.132911311 688.697575092 677.640429976 680.25325197 688.997189747 690.33938387 686.352212893 692.633483367 690.200469553 682.268030003 692.062461941 690.360166476 688.423094957 688.100856268 685.704906985 682.794989263 677.868184719 676.61751507 683.631500794 685.533947036 679.240296847 687.743942661 694.379389501 689.262377068 688.353862908 683.674741361 683.412825024 671.748273382 668.091468737 662.112188092 672.239160825 665.595658728 670.799271221 667.674308885 662.957245162 667.451900133 666.329862523 659.18781741 643.340245966 645.242207536 649.281212295
