Source Code/ascii_files/DEM.asc
north: 4928050
south: 4902450
east: 609000
west: 583400
rows: 512
cols: 512
null: -9999
[rows 0 to 22 of 512, columns 100 to 149 of 512]
842.503069041 840.71925435 831.070478404 812.400898555 796.83910512 807.135126232 814.986956323 808.252686471 786.118139061 789.465005371 789.407824891 787.889169688 786.149028243 775.651956472 774.506567416 766.239688572 750.474530906 757.291753961 753.327741871 753.71388347 759.684326898 760.358944137 762.975859477 755.124804647 744.737083219 738.196179636 732.382169193 717.02720094 707.009809644 702.639511714 712.052995912 715.347712285 727.295218774 745.08981901 762.730314978 766.751057262 773.059651153 753.94504116 752.767665511 738.216569298 749.743190929 752.264638634 747.775157976 751.215792163 753.473583665 753.593161904 757.969536882 746.816135068 758.485326276 757.99847121
846.137585942 839.718858458 832.616355971 825.495426647 815.426863546 800.561459747 813.59748571 810.920582761 796.828112578 794.714030845 793.431092039 787.568827368 782.098894639 772.327895964 777.743979834 764.873620329 768.057779751 760.329580029 754.544736261 747.06901483 749.741217216 753.213146046 757.699496492 752.396526651 746.029622184 733.672768298 728.649159916 719.610824309 703.666690871 709.251774618 695.872285876 701.58147371 724.982425074 737.215096952 764.189100699 761.498255048 766.567310776 752.301987402 741.92246722 746.420171879 754.118451627 744.966262451 753.339981635 755.980460658 755.443033644 749.937566713 751.402757055 753.846712556 752.097752599 758.174528912
840.735760204 830.884225494 822.026293155 823.519794504 813.871719447 816.969471543 819.22140287 812.984132804 803.233732684 794.916275681 779.201990506 785.144702872 784.24818506 780.999693157 787.200619445 771.8113283 768.023887027 762.615515848 759.335357275 746.353690401 741.805002271 744.810296593 756.539267265 749.46712593 739.780766435 733.597261745 718.667062175 710.904563765 700.518783276 692.165418657 691.018475143 707.881970231 726.142556066 740.056500184 769.394681057 761.260362521 759.715816685 749.221497924 739.535124167 750.779113388 752.805475903 750.608828246 758.773550362 749.222195581 747.655002902 750.494328653 741.310667314 752.066411773 751.453261881 759.464522132
844.175153415 845.244303318 839.556080256 829.59679763 821.996694721 816.749397834 818.911352964 809.658488916 806.431332492 800.060500731 797.801431357 793.189149434 791.613033244 773.936097367 774.165634302 763.320109073 761.563755115 763.347190776 753.352402514 745.485186801 737.691338427 735.736630362 737.321299137 739.012381475 743.752714408 742.685546733 732.51907277 721.531178385 710.331498563 694.850649054 697.883821233 694.900997361 712.417477897 721.616145043 740.229860838 750.878952117 743.219420702 738.934735372 742.319420923 735.918933645 748.499413848 751.014476079 746.54785313 745.389253134 758.547670745 752.249744022 750.523332936 751.446614849 764.259508012 754.812423932
842.978896912 853.995954798 859.196083654 842.192648155 835.832329514 821.041886229 815.013060196 811.588121629 814.683917115 799.370708413 798.872018448 794.443717765 804.063780172 777.741163027 768.045529192 768.026562024 755.297617044 749.512267595 744.328751362 739.173477892 740.872252377 739.08714523 738.866173945 737.642943711 745.563585776 735.256677098 726.897976097 716.843301333 705.606280904 698.501449834 714.00258652 695.837665588 695.810269225 711.138544691 723.089247842 730.705780271 732.354369541 740.251277314 741.977427232 748.242157905 741.949393472 747.678106215 739.211636958 753.223792915 777.11218608 756.794484527 758.673522736 760.344679317 760.951348754 766.369668897
847.831414953 857.27859619 849.317732476 846.684033469 837.169026428 829.255475933 812.696676311 817.26617248 813.649468995 820.021681095 806.078537849 798.274464978 789.274980508 774.591983484 762.657128149 765.192722869 760.440028871 752.570143183 749.36545001 742.069298888 745.754252429 739.981393737 742.469521463 739.445366743 743.383607426 723.977815025 726.000765419 721.961673032 714.202280414 703.518839535 705.809060529 710.529830123 711.275427706 728.12597221 733.41036532 741.586639475 744.092010802 746.434514917 752.332028412 752.71946311 749.463239188 758.070626198 749.274425365 746.345398384 755.175634842 759.418153525 766.652972316 763.835054634 768.49015751 772.668006009
855.060071604 847.543413185 846.345741546 846.871436079 837.764951372 825.21075699 820.004911632 821.303147403 814.300398748 809.081096923 800.950718918 799.409123885 791.253194684 774.726705347 759.554594114 769.166120625 773.806263183 759.574029786 747.101517458 743.825246763 747.919522092 750.8675879 752.510940421 749.727285116 747.311427949 731.638382468 715.259435645 721.092099764 711.213817283 714.587658869 706.532591906 710.413507624 725.316743583 733.07472601 742.48234834 736.635403792 739.5396544 746.928479118 764.588481374 752.563023944 754.462910252 747.179846952 746.211833539 755.187180432 755.776820809 763.17857844 770.620418546 764.114605368 768.829633761 766.99871415
842.090677143 846.253741347 841.486123034 839.436407132 836.458738485 827.455807515 817.182272079 824.466422379 816.82454445 810.081498129 802.519278812 795.108713248 790.295139514 778.433420036 769.518865382 771.16725513 771.127129304 769.117784967 760.20430627 753.638968869 745.87690422 750.982446665 749.726128288 749.328242644 742.727285081 750.142685659 729.604969783 716.96367895 718.803386894 703.686127825 716.889495959 729.783581874 737.066254465 747.616401476 742.619269047 738.586823864 739.852670129 750.721746695 750.897164023 752.730644383 746.251251446 750.533406119 746.904809034 750.29988899 753.277324879 764.426643672 761.766761588 761.145804112 765.341552498 767.22994914
841.638036522 836.464446649 828.631558312 833.789814207 832.793368651 831.034013499 824.474733655 819.266850727 818.023704472 815.69782634 803.206453183 794.090463474 788.606935851 787.361529248 778.844146765 780.072060465 776.768839763 772.0283622 768.544874579 757.996383474 748.019645652 750.746233192 756.909989617 749.870257069 762.404527727 734.345349598 724.990966351 718.646920443 700.678535697 716.862552861 725.297239461 738.332612603 749.854584306 746.89546582 741.056476163 738.799199066 740.738963655 743.309133749 736.684604107 740.992082039 735.736019331 743.506751409 738.977787681 748.011652923 748.754878813 761.723111583 769.502932739 760.982770628 763.867699421 768.963245586
840.962147836 834.466684856 829.826975551 829.000323967 829.669812622 830.633826639 824.30446743 816.886871933 810.937313362 804.132591868 808.899682375 799.132590765 789.295777809 785.310064399 786.808806639 790.928790059 778.656595758 772.997853637 768.717720041 755.531351597 750.810679671 753.772861007 748.682186076 754.958486157 758.046716671 744.087879088 726.60827588 720.432042337 717.069371447 703.444881893 714.946957618 715.203548381 728.110657784 737.6546017 738.708158755 733.632707353 740.343031721 740.60575884 736.003341324 741.403957087 739.883628036 741.108913438 742.255019047 743.87229367 752.125140342 764.522449059 761.552303302 764.842893111 770.82724617 771.269780342
830.488535154 834.35779112 830.099968259 829.305064452 835.335029938 817.713077548 808.224930584 813.050107059 809.256902154 805.315698828 808.931303089 792.962352981 791.275274941 790.205503844 795.780665445 783.584942805 784.495101422 776.351244318 765.969404092 756.249858664 760.677346206 752.738016519 742.368438138 748.870645978 754.803070626 740.931106781 723.42283498 723.025137953 714.155685943 703.284959846 703.531813021 716.849743743 722.371107099 732.349897384 727.930673807 735.256914282 740.847179178 734.084833931 733.930724871 742.906864816 744.647406872 744.843178579 750.013534269 755.736868072 754.755437348 767.542714517 758.69340476 766.615999127 768.574895471 765.734571119
812.081985786 809.790145208 824.947571782 822.991164646 818.219465915 820.655275813 813.481299844 811.910451328 809.924296482 807.905800668 803.285137978 794.908486659 792.711325883 787.957764013 791.994266446 783.005374007 777.390255657 772.438843346 768.231961174 762.762808065 756.980467817 749.80093423 745.404404264 748.377490859 750.870699444 748.997880031 728.813998712 712.789792117 713.133913417 712.277969138 699.208531662 712.375948261 715.656914056 719.440293419 737.410878297 739.018384075 734.91797787 739.128866468 742.175770173 743.906219368 741.43857256 750.06234775 753.203441496 756.725791216 758.41786778 759.832104679 765.635691743 770.061597041 773.390125885 763.055597816
792.583650794 797.331091456 808.026446434 823.405208184 814.593707412 812.208775882 816.887404209 808.624419465 814.454870451 806.548463991 795.689720514 796.948531561 793.468768533 788.555034205 785.619485994 779.950497508 777.308316789 776.984746957 775.195255135 764.979907718 761.379888136 754.362191859 752.466707162 752.592425113 753.557420995 741.741072804 742.666366292 727.189735612 712.340615815 710.408861585 700.187562796 704.016107959 709.066254832 721.256384597 732.938749084 738.619787049 734.101718877 735.934031295 750.492874892 746.053970293 745.90513675 751.627138934 760.542176414 757.946937461 767.710338809 763.693264301 755.646025957 763.801316485 762.999247314 761.056399394
784.06119405 783.13376478 793.843573766 806.449457219 819.540790246 816.688616426 820.396131761 814.421060815 807.885869931 800.552521372 796.977127278 797.076699655 789.897354375 795.924875178 780.430427403 784.04444258 776.914165694 781.904763031 779.012047839 779.002547601 768.961535976 754.048975298 750.602409505 750.626165388 753.558689628 748.639649438 746.945795914 721.849804468 720.727708072 707.480991335 704.387059258 699.670345461 698.207535368 708.659131393 720.952603445 731.62613558 742.572718244 728.83705677 735.831025611 745.740480251 744.255035319 758.616397677 756.413602738 750.881872643 758.107541828 761.647042163 765.805232371 756.801994068 761.693473148 760.022347926
789.668996034 773.95508215 792.366658206 790.224584045 800.648727769 816.450957087 813.616707432 812.207801697 798.891051636 801.074767045 789.733226858 799.871716773 800.389515492 789.583775419 776.477414087 778.643931501 778.922586638 786.021992562 780.506286091 777.101030772 782.161570641 762.092643568 747.732792954 751.297559389 753.728935895 745.582454231 742.130061197 741.817369103 731.302341573 724.844061776 721.559907222 704.088315604 699.408130808 702.075994166 712.083806579 726.610657064 728.980548651 734.109691302 727.062860818 741.531881695 746.281825836 747.898049283 753.183136392 760.606988473 769.654517719 773.616406344 779.997582958 767.077643698 758.536668131 764.419700034
803.525662311 789.663564534 799.35724489 800.500067129 807.568376978 806.970413193 806.810242469 807.819020361 802.095297878 803.910413554 800.507880242 798.931483201 789.911292436 788.014601534 783.201864656 780.191846891 782.504990366 785.369173718 781.112773794 779.971286556 776.079362099 764.508354634 758.966427744 750.851805582 753.779392648 743.11948274 743.648974864 730.445665828 720.945122318 709.111026002 704.579603183 708.442326466 695.87401873 706.648943919 718.214741974 724.429902151 736.482890499 736.469912708 746.56513351 740.472316984 747.052147771 755.779691296 762.344328201 761.203956411 768.164029932 767.154543987 769.645075169 774.099987583 764.140703201 762.70707245
813.684892375 794.690652349 797.814166742 789.048107731 778.051856698 787.5325848 800.721947373 797.887692192 808.14020282 799.556589667 796.6063189 792.707965881 782.792343442 787.04303425 782.031941119 779.892154958 775.147733699 786.815199449 785.86786782 780.512418135 787.676877431 766.572296427 751.587852907 755.410425135 762.986583286 746.542878411 731.091092473 729.442870772 716.020702735 704.374100333 702.696450568 696.749035061 684.511256591 704.9544152 717.531684652 728.082970437 732.328090729 740.240175699 751.084886107 747.144657995 741.633242042 754.27979912 759.159437101 767.080044739 771.650542261 768.216708286 768.263807864 764.80091476 769.579068039 764.530354643
810.214969465 781.576754555 766.810066606 766.806531478 766.755951602 782.04620821 793.477864921 794.545388683 795.861577069 794.689434046 788.490553532 770.168349839 765.054206025 776.730936016 763.449194206 764.114051241 772.226717281 771.100897503 776.933101955 770.830033098 770.691209736 764.363776458 764.083031613 758.277828216 761.503796304 741.444983694 728.24739995 713.551394922 700.378478321 701.468966773 702.139662887 690.069103552 693.479983084 711.959216475 715.944798132 717.451162297 730.468693817 736.828876043 745.489783503 747.91546015 747.674785286 747.057969253 758.616352375 770.211668462 766.301424345 756.35152559 759.602502945 749.175603859 761.438027898 752.797617908
780.10108515 767.643341995 741.471621581 751.993442636 753.410915459 765.02442038 784.725859931 781.533659214 773.446037625 760.698358889 762.402224334 750.919394235 735.095896867 750.410085927 754.233909026 745.787563966 754.501478124 774.456089541 771.456005928 772.401984779 757.919568842 760.167110745 760.21247073 752.244309404 748.473795179 732.331250081 728.702259382 725.896723478 713.450307416 707.996160484 708.103587134 702.671499987 699.622504894 719.73342105 722.514188958 723.620946526 729.559017623 728.331144947 732.844399926 740.91979022 740.750364081 746.022471159 740.544389655 764.017203878 775.242047256 766.055325305 751.479179495 744.360022071 745.245012351 736.480535003
803.596420066 781.360298281 767.724255637 751.648778449 758.563181117 768.180054879 771.321910413 785.765574707 753.295450502 753.067440081 749.602840743 744.572211554 725.551497182 742.541879886 733.157546149 720.945933641 735.20201208 746.703869585 760.557728617 765.026172291 760.416067781 753.31578817 752.730968758 750.349080801 739.83492694 737.183282137 735.245266893 730.482391795 713.958420205 707.112381061 706.290009595 704.459775079 704.175713027 719.466524192 726.476133959 727.680851397 735.42035277 740.931044812 734.561114669 735.598704414 736.92884245 736.147482669 741.287595287 741.536567338 748.741305681 742.818425783 736.204889006 724.407062171 727.085011495 724.026174429
830.721099287 799.935289196 784.47318035 771.49089468 768.760643174 763.976578706 762.920029996 757.713129708 736.33787249 733.232878736 726.445108258 723.727931737 716.583436839 727.835048183 722.525753243 724.6060857 717.190822183 731.193060728 738.411635141 733.24928991 734.44904434 740.453573463 737.43127159 742.228264707 730.106105504 719.505928328 721.298065649 724.145058145 707.066750813 713.86197359 701.052144896 705.52665793 707.893899006 710.853234117 712.802251523 723.007507052 714.194913932 734.092928851 735.968362877 727.233762398 713.234286242 721.375724087 730.528005063 726.230488462 732.961002329 719.559140428 724.972417483 713.825582094 725.239531936 724.587410324
824.51712411 818.727918047 793.154958413 782.455184685 754.156320681 742.365208347 746.813799836 751.958776782 733.563778916 719.551249235 720.803405274 733.415950206 720.523452828 719.859258423 733.703547585 731.707451252 710.526097205 720.237196633 722.007488651 719.180390014 727.771697809 725.300289725 728.897341809 729.631155173 714.71269135 710.002899144 717.310884632 706.901336868 703.31892019 708.804558285 706.680268659 712.752596816 712.404019815 705.402293727 715.260135412 717.936278426 718.089502697 719.78632631 734.534403246 714.285499776 707.741309726 714.146554163 704.200040524 704.101580447 708.92249417 703.225814138 699.341569686 713.438014366 710.004581761 710.002724392
823.127907727 807.689750238 789.059071147 766.772084923 751.454940278 746.579743965 752.862145811 736.114999472 729.11218041 743.356199315 751.489058058 748.966422517 736.157756064 730.690566009 738.764954559 726.101185114 713.894645013 717.681133447 729.179394034 714.111200909 714.285280183 722.003450369 717.29751167 714.735779837 710.190855754 711.572231836 707.610021363 702.707995467 696.151914311 703.429819153 712.291397636 705.776813547 715.938412228 716.401245196 727.982737727 709.330927686 708.73030012 730.430469607 734.460758446 718.973323316 714.119192194 712.087972774 699.812877552 691.688363214 688.074435414 696.069789299 702.875245774 713.618215089 712.26564766 732.005623601
