Source Code/elev.asc
north: 4129520
south: 4124520
east: 307080
west: 304580
rows: 500
cols: 250
[rows 408 to 431 of 500, columns 0 to 54 of 250]
2251.503662 2248.688721 2245.52002 2241.74292 2237.635254 2233.830811 2230.557373 2227.433838 2224.060059 2220.268311 2215.56665 2206.369385 2205.217773 2206.899414 2209.249023 2211.469482 2213.641113 2215.765869 2217.842285 2219.674316 2221.126953 2222.130371 2222.645996 2222.821533 2222.690918 2222.222656 2221.366455 2220.049805 2218.470703 2216.515381 2211.571777 2208.43457 2204.472168 2200.248047 2197.652344 2197.509766 2198.845215 2200.963135 2203.843018 2206.902588 2209.520996 2211.791748 2214.062256 2216.491455 2218.954346 2221.260498 2223.447754 2225.637695 2227.821533 2231.727539 2233.407715 2234.787109 2236.020264 2237.184814 2238.276855
2249.03125 2246.189697 2242.8396 2238.9104 2234.917725 2231.475586 2228.486084 2225.488281 2222.213867 2218.367188 2213.849854 2205.00415 2202.634766 2203.703125 2206.031982 2208.275635 2210.435059 2212.568115 2214.678955 2216.678711 2218.358887 2219.542236 2220.156494 2220.307861 2220.125977 2219.624512 2218.713379 2217.283447 2215.593506 2213.5896 2208.260498 2204.445557 2199.944092 2196.166992 2194.904053 2196.208496 2198.48877 2201.029297 2203.966553 2206.92041 2209.401855 2211.537842 2213.695801 2215.944336 2218.176758 2220.352051 2222.470215 2224.475342 2226.460449 2230.137939 2231.764648 2233.094727 2234.294434 2235.394775 2236.390381
2246.528564 2243.435059 2239.851807 2236.014893 2232.453857 2229.443604 2226.624756 2223.72876 2220.447754 2216.452637 2212.141357 2203.562988 2200.384277 2200.668945 2202.84375 2205.175781 2207.348389 2209.498291 2211.655273 2213.691406 2215.390625 2216.626221 2217.342529 2217.567871 2217.4375 2216.9021 2215.93335 2214.599854 2212.927979 2210.840088 2204.504639 2200.191895 2195.786377 2193.249023 2193.842041 2196.29248 2198.804688 2201.220947 2203.970459 2206.794189 2209.162354 2211.166016 2213.156006 2215.217285 2217.309326 2219.387207 2221.397461 2223.227295 2225.047852 2228.403564 2229.87207 2231.215332 2232.449463 2233.551758 2234.483398
2243.894775 2240.539795 2236.854736 2233.340088 2230.340088 2227.609375 2224.891846 2222.047363 2218.656982 2214.558105 2210.395264 2201.984619 2198.507324 2197.901367 2199.73999 2202.192871 2204.449707 2206.645264 2208.88208 2210.932373 2212.572021 2213.811279 2214.579102 2214.807617 2214.687988 2214.164062 2213.218262 2212.007812 2210.336914 2207.921875 2200.525391 2195.953857 2191.956055 2191.390869 2193.811523 2196.715576 2199.128662 2201.331055 2203.825439 2206.441895 2208.691895 2210.65332 2212.514404 2214.404785 2216.380859 2218.321777 2220.193604 2221.924072 2223.604248 2226.630615 2227.959473 2229.262451 2230.484131 2231.568359 2232.46875
2241.113281 2237.650879 2234.162109 2231.113037 2228.489746 2225.86377 2223.189453 2220.218506 2216.624756 2212.596436 2208.599121 2200.395508 2196.650635 2195.442139 2196.928711 2199.34668 2201.681641 2203.957275 2206.280029 2208.425537 2210.143311 2211.417725 2212.158203 2212.333008 2212.1604 2211.654785 2210.767822 2209.422119 2207.390137 2204.516357 2196.425781 2191.820068 2189.134766 2190.59082 2194.05542 2196.951904 2199.204346 2201.314941 2203.595459 2205.931396 2208.060547 2209.986572 2211.759521 2213.502441 2215.30127 2217.091064 2218.843506 2220.517334 2222.117188 2224.868652 2226.029541 2227.225586 2228.39209 2229.408203 2230.318359
2238.35376 2235.001709 2231.950439 2229.283691 2226.742676 2224.180908 2221.43457 2218.229492 2214.543945 2210.700195 2206.895752 2199.215088 2195.768066 2193.83252 2194.35498 2196.539307 2198.996826 2201.328613 2203.669434 2205.929688 2207.821777 2209.176758 2209.931641 2210.126709 2209.955322 2209.402832 2208.334961 2206.558594 2204.014893 2200.847168 2191.810791 2187.776611 2187.367676 2190.337402 2194.19458 2197.076416 2199.199707 2201.169678 2203.229492 2205.336426 2207.322021 2209.151123 2210.830078 2212.436279 2214.069824 2215.732178 2217.360596 2218.970947 2220.520264 2223.076416 2224.148926 2225.192871 2226.285889 2227.281006 2228.148193
2235.779785 2232.711426 2230.018799 2227.522217 2225.055908 2222.48999 2219.549561 2216.153564 2212.524414 2208.873779 2205.248047 2198.179688 2195.062256 2192.698242 2191.926025 2193.594238 2196.275635 2198.784912 2201.158447 2203.380859 2205.310547 2206.745361 2207.551025 2207.783447 2207.618652 2206.962891 2205.599854 2203.470947 2200.704346 2197.164551 2187.30957 2184.733398 2186.258301 2190.056396 2194.114502 2197.060791 2199.125977 2200.901855 2202.743164 2204.671387 2206.457031 2208.161621 2209.759277 2211.244385 2212.757324 2214.272461 2215.730957 2217.273193 2218.737549 2221.219971 2222.327393 2223.279541 2224.21875 2225.134277 2225.956543
2233.449463 2230.711914 2228.256836 2225.799561 2223.352783 2220.665283 2217.478027 2214.025879 2210.56958 2207.11499 2203.659668 2197.018066 2194.138428 2191.610352 2189.841309 2190.716309 2193.431396 2196.281006 2198.812256 2200.950195 2202.763916 2204.145508 2204.923584 2205.150879 2204.907471 2204.133301 2202.682617 2200.507812 2197.583496 2193.289307 2184.110596 2183.267334 2185.658447 2189.66333 2193.810791 2196.814697 2198.820557 2200.503662 2202.189209 2203.904297 2205.525391 2207.098633 2208.570801 2209.919678 2211.303223 2212.698975 2214.004639 2215.400146 2216.747803 2219.212158 2220.361572 2221.293457 2222.13208 2222.993652 2223.764893
2231.387451 2228.872314 2226.487061 2224.070068 2221.524414 2218.57373 2215.224121 2211.825439 2208.512695 2205.27417 2202.010986 2195.773682 2193.031006 2190.44458 2188.206787 2188.055176 2190.371338 2193.529053 2196.408447 2198.668701 2200.383789 2201.649658 2202.376221 2202.607666 2202.268066 2201.369385 2200.003174 2197.789062 2194.269043 2189.4021 2182.247559 2182.597412 2185.290771 2189.199463 2193.31543 2196.401611 2198.345703 2199.886719 2201.408203 2202.977783 2204.483887 2205.869873 2207.200439 2208.481689 2209.768555 2211.098633 2212.305664 2213.440186 2214.685547 2217.104004 2218.186768 2219.108398 2219.973633 2220.807617 2221.561523
2229.514404 2227.039795 2224.671143 2222.253662 2219.44458 2216.156494 2212.811035 2209.600342 2206.436279 2203.272217 2200.14502 2194.422852 2191.753418 2189.090088 2186.572754 2185.60083 2187.286133 2190.439209 2193.697998 2196.325439 2198.146973 2199.399414 2200.130371 2200.404297 2200.110107 2199.210205 2197.729736 2194.990723 2190.751953 2186.135986 2180.904541 2181.991455 2184.946533 2188.625 2192.525635 2195.72876 2197.712891 2199.121582 2200.498291 2201.940186 2203.316895 2204.568115 2205.80249 2207.024658 2208.21875 2209.380615 2210.489746 2211.555664 2212.680908 2214.901123 2215.885254 2216.758545 2217.603271 2218.424316 2219.168701
2225.547852 2223.058838 2220.668701 2217.842285 2214.342041 2210.81958 2207.98584 2205.60376 2202.609619 2199.06958 2196.221191 2191.59082 2188.709473 2186.012939 2183.936279 2182.654785 2182.582031 2184.666016 2187.829834 2190.769775 2193.211914 2194.947266 2195.932861 2196.304932 2196.089844 2194.990479 2192.456543 2188.659912 2184.823975 2181.959961 2178.619385 2180.663574 2183.949463 2187.221191 2190.369141 2193.334473 2195.705322 2197.279541 2198.450684 2199.620605 2200.757568 2201.749512 2202.743408 2203.838135 2204.914307 2205.903809 2206.884766 2207.876953 2208.796631 2210.462646 2211.263184 2212.001465 2212.678467 2213.262939 2213.753906
2223.394775 2220.985107 2218.630615 2215.56543 2211.821533 2208.599121 2206.360352 2204.212402 2201.231445 2197.911133 2195.291016 2190.605957 2187.477539 2184.706299 2182.981201 2181.828125 2181.025146 2182.391357 2185.341797 2188.189209 2190.615723 2192.501953 2193.642334 2193.986816 2193.520508 2192.120361 2189.502686 2186.182129 2183.075684 2180.578369 2177.726318 2179.977295 2183.303223 2186.391113 2189.177246 2191.848633 2194.203613 2196.013184 2197.318604 2198.39624 2199.417725 2200.303711 2201.140381 2202.086182 2203.13208 2204.158203 2205.099121 2205.980225 2206.778809 2208.282959 2208.972412 2209.599121 2210.183105 2210.681152 2211.056885
2221.516846 2219.25708 2217.029297 2213.870605 2210.200684 2207.445312 2205.54834 2203.381592 2200.66333 2197.943604 2195.477295 2190.104736 2186.957031 2184.191162 2182.437256 2181.164551 2179.916748 2180.406982 2183.041504 2185.970459 2188.292725 2190.193848 2191.385254 2191.574707 2190.804443 2189.228516 2186.92749 2184.328857 2181.828613 2179.407715 2176.645264 2178.9729 2182.423828 2185.44043 2187.9021 2190.266602 2192.477783 2194.390625 2195.891846 2197.01416 2197.988525 2198.871582 2199.643799 2200.423828 2201.35791 2202.344727 2203.239014 2204.040039 2204.753906 2206.110352 2206.716309 2207.236084 2207.727051 2208.177979 2208.476318
2220.635498 2218.341064 2216.036133 2213.133057 2210.017578 2207.483154 2205.323242 2203.022217 2200.652832 2198.355713 2195.908936 2189.929932 2186.92627 2184.23291 2182.212402 2180.61792 2179.0625 2178.569336 2180.720459 2183.929688 2186.349609 2188.121338 2189.135498 2189.305664 2188.678711 2187.222168 2185.202637 2183.003174 2180.693604 2178.254639 2175.259766 2177.470703 2180.980957 2184.112305 2186.509766 2188.643799 2190.655762 2192.468994 2194.045654 2195.359863 2196.437744 2197.332764 2198.093018 2198.809326 2199.601318 2200.460449 2201.305176 2202.055664 2202.746338 2203.94458 2204.489746 2204.943359 2205.347656 2205.713379 2205.952637
2220.696533 2218.188721 2215.569824 2212.990479 2210.452148 2207.934326 2205.400635 2202.911865 2200.584961 2198.35498 2195.90625 2189.804688 2186.869141 2184.169922 2181.920654 2180.029541 2178.209473 2176.922119 2178.512695 2181.897949 2184.601074 2186.367676 2187.421143 2187.737305 2187.138672 2185.823975 2184.027832 2181.935303 2179.572266 2177.107666 2173.844482 2175.666016 2179.063232 2182.37793 2184.962646 2187.040039 2188.843994 2190.461914 2191.989258 2193.397949 2194.569336 2195.545654 2196.413574 2197.177979 2197.889893 2198.632324 2199.393555 2200.087402 2200.749512 2201.804199 2202.275879 2202.67749 2203.013916 2203.300537 2203.484131
2220.72876 2218.105225 2215.29834 2212.780762 2210.458008 2207.988525 2205.356934 2202.768799 2200.312012 2198.000488 2195.531006 2189.557129 2186.670166 2183.945068 2181.476807 2179.234863 2177.182861 2175.528809 2176.601807 2179.852783 2182.906982 2185.05249 2186.343018 2186.707275 2186.043701 2184.804199 2183.061035 2180.92041 2178.484619 2175.956543 2172.450684 2173.763184 2176.98291 2180.451904 2183.350586 2185.469482 2187.105225 2188.55957 2189.976318 2191.35083 2192.53833 2193.568115 2194.526611 2195.385986 2196.140137 2196.840332 2197.508545 2198.163574 2198.764648 2199.716553 2200.095947 2200.419434 2200.705811 2200.950928 2201.094238
2220.211914 2217.614014 2214.853271 2212.29834 2209.972168 2207.546387 2204.933594 2202.358154 2199.888184 2197.506836 2194.979736 2189.161865 2186.366943 2183.627686 2180.895264 2178.157227 2175.711182 2174.042236 2174.883301 2177.817383 2181.008057 2183.649658 2185.365234 2185.834473 2185.170654 2183.94458 2182.13208 2179.967529 2177.627686 2175.200195 2171.37207 2172.30127 2175.253906 2178.567139 2181.48584 2183.718994 2185.357666 2186.734619 2188.047363 2189.334961 2190.518311 2191.548096 2192.496826 2193.38916 2194.188965 2194.907715 2195.55542 2196.187744 2196.739746 2197.640869 2197.953613 2198.169678 2198.393799 2198.602051 2198.72876
2219.334717 2216.768799 2214.120361 2211.575439 2209.149658 2206.699951 2204.192871 2201.706299 2199.30957 2196.934814 2194.363037 2188.671143 2185.945801 2183.151123 2180.140869 2176.967041 2174.067383 2172.458252 2173.320557 2175.970215 2179.067139 2181.984863 2184.113037 2184.884521 2184.332275 2183.069824 2181.270264 2179.146973 2176.914551 2174.741455 2170.510498 2171.27832 2173.961426 2176.810303 2179.462891 2181.739258 2183.480957 2184.903809 2186.171631 2187.371094 2188.526367 2189.559326 2190.490723 2191.338135 2192.105225 2192.833984 2193.501221 2194.104248 2194.615967 2195.45874 2195.722656 2195.868408 2196.025879 2196.182617 2196.266846
2218.239014 2215.702637 2213.187256 2210.699219 2208.232422 2205.781494 2203.341064 2200.910156 2198.559814 2196.188721 2193.587158 2188.036377 2185.322021 2182.405518 2179.178711 2175.844482 2172.82959 2171.206543 2172.010498 2174.512695 2177.352295 2180.157227 2182.447021 2183.516357 2183.243408 2182.078613 2180.435059 2178.519287 2176.519531 2174.493652 2169.5896 2170.237793 2172.752441 2175.22168 2177.559326 2179.718994 2181.562012 2183.111328 2184.389404 2185.527832 2186.616699 2187.612549 2188.505371 2189.30835 2190.055176 2190.758057 2191.404541 2191.954346 2192.408447 2193.162842 2193.376709 2193.491211 2193.546387 2193.559814 2193.478271
2217.072998 2214.580811 2212.138916 2209.718018 2207.27832 2204.833496 2202.411377 2200.009521 2197.65625 2195.260254 2192.673828 2187.293701 2184.58374 2181.496582 2178.125732 2174.799561 2171.932373 2170.218018 2170.848633 2173.270996 2175.681641 2178.248047 2180.529297 2181.591064 2181.643311 2180.719238 2179.391357 2177.981201 2176.288086 2174.390625 2168.763184 2168.961914 2171.310059 2173.681152 2175.797852 2177.83667 2179.787109 2181.445557 2182.736572 2183.82251 2184.820557 2185.734375 2186.568359 2187.354004 2188.078125 2188.720703 2189.318604 2189.823975 2190.231445 2190.861572 2191.022705 2191.077637 2190.974854 2190.769287 2190.446289
2215.849854 2213.387451 2210.988525 2208.631592 2206.257812 2203.827393 2201.401123 2199.02417 2196.659912 2194.253906 2191.729492 2186.513916 2183.757324 2180.516602 2177.071533 2173.774902 2171.064453 2169.266602 2169.702637 2172.08667 2174.412842 2176.463867 2178.300781 2179.405762 2179.573975 2178.925293 2178.037109 2176.940918 2175.608887 2174.097656 2168.085205 2167.515381 2169.581787 2172.046631 2174.188477 2176.186279 2178.165527 2179.90625 2181.238525 2182.309326 2183.207275 2183.971436 2184.703125 2185.458008 2186.167725 2186.748291 2187.261475 2187.703857 2188.089111 2188.625488 2188.709717 2188.683594 2188.494629 2188.11377 2187.563965
2214.575195 2212.13623 2209.766602 2207.439941 2205.130127 2202.76123 2200.374512 2198.027588 2195.664551 2193.265625 2190.792725 2185.713867 2182.831055 2179.458252 2175.990723 2172.76123 2170.161621 2168.272949 2168.533936 2170.955078 2173.38208 2174.979248 2176.196045 2177.17041 2177.60791 2177.490479 2176.797852 2175.710205 2174.694824 2173.467773 2167.397461 2165.964844 2167.660645 2170.385742 2172.815186 2174.852783 2176.709229 2178.46167 2179.883545 2180.946045 2181.765625 2182.442139 2183.080322 2183.719971 2184.34668 2184.847168 2185.281006 2185.665039 2186.00708 2186.444336 2186.451172 2186.363037 2186.115479 2185.646973 2185.10083
2213.26416 2210.883057 2208.553223 2206.248291 2203.967285 2201.662842 2199.345215 2197.027832 2194.679199 2192.305176 2189.862305 2184.924805 2181.842285 2178.330566 2174.852539 2171.742188 2169.212158 2167.217529 2167.346924 2169.801758 2172.300049 2173.898682 2174.80542 2175.491455 2176.287842 2176.566895 2175.985107 2175.133301 2174.21167 2172.768066 2166.742676 2164.489502 2165.700928 2168.81543 2171.835449 2173.990234 2175.628906 2177.177246 2178.541016 2179.618896 2180.432373 2181.10376 2181.72876 2182.281494 2182.748291 2183.13623 2183.514893 2183.842041 2184.100586 2184.435303 2184.396973 2184.342285 2184.144043 2183.736572 2183.35791
2211.90625 2209.612305 2207.362793 2205.100342 2202.824219 2200.560547 2198.317383 2196.036377 2193.69165 2191.327637 2188.929932 2184.022949 2180.724121 2177.103027 2173.627197 2170.671387 2168.201904 2166.116943 2166.109619 2168.554199 2171.320312 2173.084961 2174.081787 2174.956055 2175.562012 2175.589844 2175.299072 2174.722656 2173.825684 2172.13501 2166.024902 2163.436279 2163.978516 2167.461914 2171.220459 2173.51416 2174.904053 2176.137207 2177.306396 2178.328857 2179.128662 2179.812256 2180.430664 2180.953369 2181.368652 2181.686035 2182.005859 2182.29248 2182.45752 2182.74585 2182.720703 2182.767822 2182.721924 2182.487305 2182.274658
