Source Code/elev.asc
north: 4129520
south: 4124520
east: 307080
west: 304580
rows: 500
cols: 250
[rows 96 to 119 of 500, columns 110 to 164 of 250]
2935.842285 2931.405762 2926.414062 2921.012695 2915.166504 2909.003906 2903.045898 2897.41333 2891.704346 2885.69165 2879.537598 2873.507568 2867.755615 2862.439941 2851.733887 2846.232422 2841.389404 2837.672607 2834.596924 2831.688232 2828.75708 2825.716553 2822.539551 2819.17334 2815.459473 2811.436523 2807.297363 2803.109619 2798.949707 2794.988281 2791.4375 2788.280029 2785.296875 2779.759766 2777.14624 2774.541016 2771.946045 2769.340088 2766.789062 2764.264404 2761.801758 2759.778809 2759.216797 2759.817383 2760.260498 2760.149902 2759.770508 2759.502441 2759.76123 2760.728027 2762.132324 2763.534424 2765.861328 2766.730713 2767.602539
2926.378174 2922.083008 2917.266602 2911.672363 2905.577148 2899.822266 2894.381836 2888.523438 2882.186768 2875.945068 2870.010986 2864.569092 2859.520508 2854.164062 2841.898193 2836.634521 2832.005371 2828.40918 2825.71875 2823.209229 2820.57666 2817.750732 2814.519531 2810.882812 2807.078857 2803.148193 2799.066406 2795.054688 2791.351074 2787.952637 2784.781494 2781.839844 2779.115479 2773.916016 2771.31665 2768.73291 2766.188721 2763.662354 2761.111084 2758.74707 2757.058594 2756.362793 2756.540039 2756.803223 2756.718262 2756.644043 2756.829102 2758.134033 2760.635742 2762.979492 2764.925293 2766.388184 2767.885986 2768.043701 2768.462402
2921.795166 2917.447998 2912.392578 2906.650879 2900.848633 2895.423584 2889.764648 2883.484863 2877.083008 2871.008057 2865.545166 2860.570068 2855.398682 2849.425293 2837.182617 2832.034912 2827.470703 2824.021973 2821.533203 2819.143311 2816.540771 2813.691895 2810.405273 2806.752197 2802.933594 2798.993408 2795.018066 2791.255371 2787.788086 2784.529541 2781.516113 2778.785156 2776.188965 2771.021484 2768.449219 2765.903076 2763.37915 2760.838867 2758.474365 2756.77002 2755.873291 2755.631104 2755.780762 2755.937256 2756.127686 2756.599365 2757.690186 2759.800049 2762.515869 2765.006836 2766.805908 2768.099854 2769.288818 2769.317627 2769.402588
2917.422607 2912.832275 2907.515625 2901.81958 2896.180908 2890.529785 2884.435303 2878.028076 2871.782471 2866.14917 2861.348145 2856.554199 2850.887695 2844.501953 2832.559814 2827.28833 2822.740967 2819.536621 2817.290527 2815.089844 2812.577393 2809.724854 2806.41333 2802.727539 2798.85498 2794.954346 2791.167725 2787.59082 2784.257568 2781.213623 2778.469482 2775.863525 2773.289307 2768.158691 2765.61499 2763.096924 2760.578857 2758.254883 2756.561279 2755.474854 2755.037598 2755.103027 2755.423096 2755.858398 2756.432373 2757.608398 2759.623535 2762.183838 2764.876709 2767.210693 2768.79834 2769.836182 2771.072998 2771.1875 2771.316162
2913.103271 2908.208252 2902.739014 2896.973389 2891.172852 2885.126709 2878.776123 2872.401367 2866.427734 2861.349365 2856.982178 2852.116211 2845.982666 2839.51001 2827.55542 2822.258545 2818.011719 2815.249023 2813.25708 2811.17041 2808.71167 2805.853027 2802.484863 2798.753418 2794.878662 2791.043945 2787.400879 2783.984863 2780.890137 2778.143311 2775.557129 2772.974121 2770.401123 2765.336426 2762.813477 2760.317871 2758.054199 2756.384766 2755.296875 2754.6604 2754.608398 2755.038818 2755.636475 2756.319824 2757.504395 2759.49707 2761.972656 2764.662842 2767.230957 2769.216797 2770.527344 2771.491943 2772.969482 2773.313477 2773.713135
2908.587402 2903.471191 2897.791016 2891.822021 2885.78125 2879.515137 2873.067139 2866.654053 2860.808594 2855.924561 2851.55835 2846.709961 2840.632568 2834.168213 2822.195557 2817.315674 2813.757812 2811.372314 2809.48291 2807.33667 2804.756592 2801.831787 2798.496826 2794.808594 2790.952148 2787.17627 2783.697266 2780.591064 2777.828613 2775.234131 2772.649902 2770.102051 2767.586182 2762.551758 2760.081787 2757.843262 2756.200195 2755.014893 2754.218506 2754.205322 2754.720215 2755.384521 2756.149658 2757.323975 2759.227783 2761.645996 2764.311768 2766.965332 2769.196777 2770.79834 2772.018555 2773.113525 2774.825195 2775.512451 2776.10083
2903.744629 2898.344238 2892.470947 2886.398926 2880.183105 2873.779053 2867.179199 2860.462891 2854.358154 2849.307129 2844.79126 2840.11084 2834.45752 2828.240723 2816.861084 2812.512207 2809.447266 2807.310059 2805.488281 2803.285645 2800.598877 2797.641357 2794.401123 2790.753174 2786.934082 2783.382812 2780.280029 2777.525879 2774.92041 2772.351807 2769.794434 2767.299805 2764.810303 2759.833496 2757.671631 2756.030518 2754.81665 2753.865479 2753.638184 2754.24585 2755.07666 2755.893066 2756.976562 2758.742432 2761.095215 2763.662598 2766.42041 2768.872803 2770.650146 2772.107666 2773.43042 2774.712891 2776.800293 2777.689697 2778.308594
2898.441162 2892.887451 2886.99292 2880.847656 2874.44165 2867.84375 2861.021973 2853.975586 2847.42627 2841.912598 2837.158691 2832.706299 2827.682373 2822.052734 2811.799072 2807.677979 2804.772461 2802.802979 2801.000732 2798.86792 2796.304443 2793.327393 2790.004639 2786.436768 2782.971436 2779.920654 2777.209717 2774.625 2772.050293 2769.508301 2767.01001 2764.54126 2762.043945 2757.492676 2755.905518 2754.653564 2753.574707 2753.049805 2753.509033 2754.489502 2755.445312 2756.479248 2758.050781 2760.269531 2762.795898 2765.440186 2768.060303 2770.232422 2771.87915 2773.422852 2774.916748 2776.368164 2778.82666 2779.727539 2780.310059
2892.671387 2887.221191 2881.382568 2875.072754 2868.47998 2861.712158 2854.646973 2847.401855 2840.580566 2834.647949 2829.781982 2825.67627 2821.325928 2816.367432 2807.05957 2803.114502 2800.202393 2798.099609 2796.206543 2794.17749 2791.745605 2788.772705 2785.451416 2782.26123 2779.439453 2776.846924 2774.315674 2771.766602 2769.223633 2766.725098 2764.253418 2761.780029 2759.38623 2755.74292 2754.503418 2753.347168 2752.456543 2752.641113 2753.640137 2754.752686 2755.83374 2757.22168 2759.245117 2761.706299 2764.304443 2766.972656 2769.373291 2771.322754 2773.069824 2774.775635 2776.480713 2778.060059 2780.666504 2781.569092 2782.133545
2886.718018 2881.231445 2875.245361 2868.87915 2862.306152 2855.341064 2847.944824 2840.569824 2833.816895 2828.071289 2823.574707 2819.835205 2815.817627 2811.371826 2802.582031 2798.800293 2795.716064 2793.36499 2791.300049 2789.180176 2786.816162 2784.186279 2781.408936 2778.793701 2776.367188 2773.92627 2771.447754 2768.94165 2766.444092 2763.966064 2761.491943 2759.136475 2757.174561 2754.335938 2753.153564 2752.084473 2751.863037 2752.705566 2753.928223 2755.10791 2756.294922 2758.040771 2760.385742 2762.960449 2765.648438 2768.265381 2770.509521 2772.384521 2774.224854 2776.126953 2777.982422 2779.650146 2782.29834 2783.202881 2783.798828
2880.644775 2874.844727 2868.746338 2862.604004 2856.036865 2848.703125 2841.016846 2833.69165 2827.239502 2822.041016 2818.047607 2814.496094 2810.767334 2806.625977 2798.171143 2794.424316 2791.291504 2788.679932 2786.360352 2784.196533 2782.15625 2780.132568 2777.998047 2775.784424 2773.497803 2771.098145 2768.63501 2766.161377 2763.685303 2761.202393 2758.872314 2757.009033 2755.559082 2752.995605 2751.833008 2751.223145 2751.772217 2752.985352 2754.272949 2755.525879 2756.927002 2758.960449 2761.439697 2764.056396 2766.807373 2769.330078 2771.462891 2773.404785 2775.384766 2777.451172 2779.383301 2781.137695 2783.853271 2784.811768 2785.520752
2874.331543 2868.512451 2862.769043 2856.751221 2849.804443 2842.26709 2834.679443 2827.407471 2821.177734 2816.455078 2812.895508 2809.467041 2805.840088 2801.930664 2793.908203 2790.325928 2787.1604 2784.293945 2781.959473 2780.067139 2778.403076 2776.732178 2774.875488 2772.870605 2770.702148 2768.314941 2765.829102 2763.370361 2760.927246 2758.641602 2756.840088 2755.506836 2754.290771 2751.657715 2750.672607 2750.851318 2751.911865 2753.256104 2754.620361 2755.980713 2757.700195 2759.933838 2762.421143 2765.037842 2767.73584 2770.185791 2772.332764 2774.426514 2776.561523 2778.703369 2780.729492 2782.595947 2785.541992 2786.632568 2787.475342
2868.272217 2863.023193 2857.642578 2851.296387 2844.012939 2836.680664 2829.396973 2822.205322 2816.263428 2811.85498 2808.279785 2804.796387 2801.16748 2797.381836 2789.984375 2786.50708 2783.329102 2780.601074 2778.49585 2776.798584 2775.251953 2773.660889 2771.868164 2769.909424 2767.790039 2765.43335 2762.961182 2760.516846 2758.34668 2756.71875 2755.460938 2754.337158 2753.100342 2750.505615 2749.960938 2750.76001 2752.09375 2753.487305 2754.910645 2756.429199 2758.4021 2760.742432 2763.252686 2765.887695 2768.494629 2770.91626 2773.203857 2775.491943 2777.746094 2779.939941 2782.082031 2784.086426 2787.508301 2788.828857 2789.76001
2863.188721 2858.489014 2852.95752 2846.232422 2839.045898 2831.793701 2824.387207 2817.624512 2812.186035 2807.742432 2803.980713 2800.436035 2796.836914 2793.279785 2786.41748 2783.025391 2780.006104 2777.530029 2775.49292 2773.753174 2772.192627 2770.63916 2768.878662 2766.891113 2764.76001 2762.465576 2760.100586 2757.996094 2756.476807 2755.431396 2754.401123 2753.262939 2751.975342 2749.597412 2749.662598 2750.765137 2752.187012 2753.635498 2755.102539 2756.744385 2758.893311 2761.351562 2763.950928 2766.644043 2769.223145 2771.672607 2774.116699 2776.564941 2778.9021 2781.197021 2783.488037 2785.662598 2789.637695 2791.111084 2792.05127
2858.853516 2854.232666 2848.318848 2841.462891 2834.384766 2826.885742 2819.531006 2813.502441 2808.390625 2803.834473 2799.955322 2796.379639 2792.969727 2789.722168 2783.142822 2779.953125 2777.081543 2774.547607 2772.359375 2770.582275 2769.04541 2767.523193 2765.80249 2763.84668 2761.734619 2759.59082 2757.697021 2756.288086 2755.290039 2754.380371 2753.384033 2752.2229 2750.959473 2748.814941 2749.422119 2750.760254 2752.203857 2753.709229 2755.245361 2756.973389 2759.236816 2761.827637 2764.55127 2767.318115 2769.925781 2772.421143 2774.95459 2777.536865 2780.054688 2782.554688 2785.032959 2787.440918 2791.751221 2793.216309 2794.132324
2854.600586 2849.734863 2843.703613 2836.938477 2829.766846 2822.206055 2815.38623 2809.94165 2804.856689 2800.112793 2796.089111 2792.690674 2789.545654 2786.470703 2780.128906 2777.070801 2774.189697 2771.514648 2769.219238 2767.411377 2765.850586 2764.321533 2762.678711 2760.859863 2758.996338 2757.335938 2756.105225 2755.193359 2754.322266 2753.395752 2752.374268 2751.232666 2750.049561 2748.188721 2749.139404 2750.673828 2752.17749 2753.743164 2755.343262 2757.203125 2759.571533 2762.231445 2765.008301 2767.823242 2770.512451 2773.0979 2775.731201 2778.427734 2781.141357 2783.929199 2786.663818 2789.308105 2793.621338 2794.987305 2795.906982
2850.344727 2845.374512 2839.281982 2832.462891 2825.212402 2818.121094 2811.99585 2806.595459 2801.288818 2796.397949 2792.515137 2789.358154 2786.321533 2783.317383 2777.262695 2774.199463 2771.248535 2768.605957 2766.313721 2764.328613 2762.602295 2761.028564 2759.586426 2758.231201 2756.981201 2755.920898 2755.043945 2754.238525 2753.377197 2752.448975 2751.417236 2750.329102 2749.244141 2747.730713 2748.848145 2750.483887 2752.072021 2753.708984 2755.385498 2757.342285 2759.802734 2762.547852 2765.37793 2768.237061 2771.015137 2773.772461 2776.557129 2779.309326 2782.191406 2785.304932 2788.359619 2791.179199 2795.265869 2796.599121 2797.638428
2846.361572 2841.314209 2835.046387 2828.082764 2821 2814.547119 2808.815674 2803.187988 2797.693604 2792.945557 2789.330078 2786.189453 2783.167969 2780.27417 2774.452637 2771.401855 2768.458008 2765.854004 2763.476074 2761.233154 2759.460205 2758.13501 2757.140137 2756.385742 2755.683838 2754.915771 2754.105713 2753.287842 2752.406006 2751.461426 2750.483398 2749.487793 2748.480469 2747.312012 2748.566895 2750.273193 2751.942383 2753.626221 2755.351562 2757.389648 2759.939697 2762.776367 2765.676025 2768.590332 2771.47876 2774.438477 2777.382568 2780.253662 2783.398438 2786.801514 2790.086914 2792.939697 2796.919678 2798.423584 2799.674072
2842.494141 2837.308105 2830.973145 2823.994873 2817.333252 2811.435059 2805.69165 2799.775391 2794.323486 2789.865723 2786.25708 2783.062744 2780.150635 2777.376953 2771.715088 2768.743652 2765.855713 2763.134277 2760.547119 2758.438965 2757.10498 2756.310303 2755.744141 2755.223633 2754.660645 2753.986328 2753.195068 2752.358398 2751.468018 2750.524658 2749.603271 2748.693848 2747.729248 2746.91333 2748.299072 2750.040283 2751.786133 2753.528076 2755.279541 2757.375244 2760.009033 2762.933838 2765.885498 2768.870361 2771.921875 2775.079346 2778.190674 2781.285156 2784.748291 2788.374756 2791.767578 2794.54541 2798.697021 2800.475586 2801.960693
2838.594238 2833.40918 2827.045898 2820.227539 2814.100586 2808.508545 2802.52832 2796.44165 2791.180908 2786.822754 2783.110107 2780.070557 2777.310547 2774.577148 2769.018311 2766.134033 2763.256104 2760.414307 2758.01001 2756.596436 2755.828857 2755.274414 2754.763672 2754.239258 2753.69873 2753.047852 2752.293213 2751.482178 2750.605713 2749.697998 2748.804199 2747.891846 2746.939941 2746.530762 2747.98877 2749.790039 2751.60498 2753.412842 2755.225098 2757.365234 2760.066406 2763.066895 2766.061279 2769.108643 2772.336182 2775.709473 2779.051025 2782.435059 2786.115234 2789.858398 2793.275146 2796.027832 2800.571533 2802.524658 2804.178711
2830.87793 2825.60498 2819.50293 2813.773682 2808.380371 2802.296875 2795.884521 2790.295166 2785.474609 2781.237793 2777.785889 2774.782959 2771.865479 2769.175537 2763.821777 2760.88916 2758.234619 2756.506836 2755.543701 2754.81543 2754.174805 2753.60376 2753.032227 2752.422363 2751.811768 2751.192383 2750.524414 2749.804688 2749.014648 2748.150391 2747.209961 2746.217773 2745.25293 2745.48584 2747.148926 2749.13501 2751.182129 2753.18335 2755.162842 2757.439697 2760.268066 2763.338135 2766.353271 2769.577148 2773.188232 2776.946533 2780.75708 2784.735107 2788.781494 2792.594238 2795.833984 2798.734131 2804.270752 2806.464355 2808.201172
2827.074951 2821.777832 2816.238037 2811.012207 2805.416504 2798.916992 2792.696777 2787.472656 2782.876709 2778.959229 2775.584229 2772.385498 2769.385742 2766.775635 2761.462891 2758.723633 2756.7229 2755.571045 2754.7854 2754.082275 2753.42749 2752.819092 2752.203857 2751.583008 2750.967773 2750.352295 2749.727051 2749.054688 2748.308594 2747.468262 2746.573975 2745.619385 2744.69751 2744.869629 2746.643799 2748.806885 2751.005127 2753.095215 2755.162842 2757.544922 2760.414307 2763.478271 2766.512939 2769.860352 2773.661865 2777.580566 2781.556152 2785.779297 2790.069336 2793.896729 2797.045166 2800.051514 2805.843018 2808.226807 2810.281006
2823.30249 2818.392334 2813.376709 2808.302002 2802.3125 2795.67749 2789.849609 2784.821289 2780.419678 2776.760742 2773.375244 2770.175049 2767.283447 2764.64917 2759.373535 2757.157715 2755.768799 2754.825439 2754.035156 2753.338623 2752.671631 2752.008057 2751.349854 2750.734375 2750.147705 2749.565918 2748.980713 2748.331787 2747.619385 2746.86084 2746.01709 2745.109619 2744.19165 2744.424561 2746.304932 2748.548828 2750.8396 2753.023682 2755.164307 2757.639893 2760.556641 2763.628418 2766.711182 2770.185791 2774.17041 2778.267822 2782.413086 2786.806641 2791.179199 2794.999268 2798.191406 2801.300537 2807.265381 2809.919434 2812.472656
2819.60376 2815.226074 2810.585449 2805.37793 2799.116455 2792.762451 2787.314697 2782.434326 2778.196289 2774.548828 2771.157471 2768.112305 2765.366699 2762.706055 2757.623535 2756.046143 2754.998535 2754.083008 2753.305908 2752.587402 2751.878906 2751.138672 2750.453613 2749.870605 2749.300537 2748.75415 2748.19043 2747.568604 2746.929199 2746.234131 2745.437988 2744.555908 2743.621582 2744.047607 2746.064453 2748.369141 2750.706787 2752.956543 2755.184082 2757.74585 2760.708496 2763.802979 2766.916748 2770.510254 2774.708252 2779.020752 2783.324707 2787.798828 2792.136963 2795.908691 2799.21582 2802.424072 2808.708252 2811.715088 2814.62915
