Source Code/elev.asc
north: 4129520
south: 4124520
east: 307080
west: 304580
rows: 500
cols: 250
[rows 216 to 239 of 500, columns 110 to 164 of 250]
2668.408447 2671.224854 2674.572266 2678.185547 2681.760254 2685.202393 2688.484131 2691.715332 2695.082275 2698.70874 2702.44458 2706.079346 2709.412842 2712.405029 2718.010254 2720.455078 2723.300293 2726.57666 2729.701416 2732.925537 2736.736572 2740.407959 2743.545654 2746.969971 2750.825684 2754.061035 2756.672607 2759.678223 2763.255371 2766.759766 2769.701172 2772.618652 2775.678711 2781.845459 2785.067871 2788.62793 2792.052002 2794.55249 2796.214111 2797.174561 2797.293213 2796.81665 2795.920166 2794.724854 2793.165771 2790.934326 2788.320068 2785.7771 2783.433838 2781.156738 2778.417725 2775.384521 2769.298584 2765.556885 2761.556152
2669.390869 2672.261719 2675.748047 2679.28418 2682.713135 2686.279541 2689.873291 2693.323975 2696.975342 2701.033691 2705.058594 2708.807617 2712.322266 2715.620605 2721.024414 2723.306396 2726.006836 2728.91626 2731.699707 2734.724854 2738.296387 2741.622803 2744.618408 2748.29248 2752.374023 2755.771973 2758.754883 2761.959229 2765.364258 2768.673828 2771.787109 2774.84668 2777.91333 2783.796387 2787.082275 2790.561279 2793.539795 2795.529541 2796.431396 2796.37207 2795.779541 2794.981689 2793.942627 2792.467773 2790.475342 2788.175049 2785.859375 2783.660645 2781.547363 2779.322754 2776.733398 2773.958008 2768.159668 2764.429199 2760.539062
2671.05835 2674.011475 2677.397949 2680.591553 2683.802002 2687.518066 2691.331787 2694.98999 2698.99292 2703.383545 2707.571533 2711.317871 2715.004883 2718.549316 2723.856201 2726.198242 2728.796387 2731.571289 2734.40332 2737.431885 2740.673584 2743.810791 2747.008545 2750.725342 2754.549316 2757.913574 2761.061035 2764.266113 2767.529297 2770.738037 2773.918945 2777.054688 2780.045898 2785.416748 2788.727051 2791.926758 2794.312988 2795.523193 2795.462646 2794.690186 2793.646729 2792.456299 2791.055664 2789.204102 2787.030273 2784.910156 2782.933105 2781.054688 2779.125 2777.01123 2774.750732 2772.356689 2766.624268 2763.015137 2759.372559
2673.616699 2676.65332 2679.703857 2682.503662 2685.530762 2689.185791 2692.979248 2696.860107 2701.186768 2705.644287 2709.817139 2713.626221 2717.451904 2720.987793 2726.313232 2728.814697 2731.439453 2734.29126 2737.264648 2740.302002 2743.373779 2746.526123 2749.878418 2753.473145 2757.01123 2760.27124 2763.408936 2766.521484 2769.660889 2772.830078 2776.063232 2779.188232 2781.860352 2786.786377 2789.831055 2792.438232 2794.133301 2794.461182 2793.574219 2792.286133 2790.821533 2789.170898 2787.401123 2785.480713 2783.510742 2781.654053 2779.917969 2778.204834 2776.402588 2774.526855 2772.568848 2770.439453 2764.835449 2761.462402 2758.108154
2676.710938 2679.767334 2682.606934 2685.313721 2688.194824 2691.357666 2694.814941 2698.88208 2703.411377 2707.756836 2711.796387 2715.725098 2719.554932 2722.982666 2728.626953 2731.287109 2734.060791 2737.020264 2740.052002 2743.08667 2746.182129 2749.417236 2752.775879 2756.18042 2759.493896 2762.66626 2765.77124 2768.790527 2771.815918 2774.960693 2778.125488 2780.979248 2783.223877 2787.785645 2790.241211 2791.952393 2792.664795 2792.239014 2790.866455 2789.17041 2787.427734 2785.638184 2783.811523 2781.99292 2780.229736 2778.59082 2777.027344 2775.371582 2773.651367 2771.935791 2770.1604 2768.157959 2762.859863 2759.827393 2756.652588
2680.020508 2683.067139 2685.947266 2688.727295 2691.411133 2694.000488 2697.060547 2701.098389 2705.531738 2709.717041 2713.679932 2717.66333 2721.480957 2724.940186 2731.000977 2733.844482 2736.758057 2739.762207 2742.802002 2745.865234 2749.029297 2752.305908 2755.590088 2758.81958 2761.998535 2765.141602 2768.167725 2771.031494 2773.948975 2777.045654 2779.973389 2782.353271 2784.289307 2787.959961 2789.50293 2790.17334 2789.882324 2788.93335 2787.494141 2785.805664 2784.05127 2782.272461 2780.495605 2778.83252 2777.272705 2775.741943 2774.21582 2772.592529 2770.897705 2769.155518 2767.355957 2765.42749 2760.738281 2757.995361 2754.931152
2683.328613 2686.469727 2689.550537 2692.41626 2694.921143 2697.213379 2699.89209 2703.373779 2707.373779 2711.492676 2715.502686 2719.46582 2723.32251 2727.005615 2733.541992 2736.507324 2739.488037 2742.512939 2745.579102 2748.685547 2751.876953 2755.111572 2758.284668 2761.413818 2764.535889 2767.549072 2770.352051 2773.092529 2775.989502 2778.929688 2781.464111 2783.44165 2785.047852 2787.037842 2787.454346 2787.217529 2786.517334 2785.497803 2784.111328 2782.47998 2780.787109 2779.082031 2777.413574 2775.837891 2774.330566 2772.865234 2771.388428 2769.779541 2767.994141 2766.104736 2764.258545 2762.476318 2758.377197 2755.789551 2752.839111
2686.354004 2689.756592 2693.133789 2696.145996 2698.681152 2700.942139 2703.16748 2705.762207 2709.180908 2713.244873 2717.270752 2721.223389 2725.219727 2729.125244 2736.104004 2739.197998 2742.225098 2745.266357 2748.360107 2751.48877 2754.656982 2757.804932 2760.890137 2763.96875 2766.961914 2769.677002 2772.224121 2774.925781 2777.847656 2780.539795 2782.583984 2784.16748 2785.109863 2785.371094 2784.978271 2784.256348 2783.503418 2782.463623 2780.972412 2779.332275 2777.685791 2776.018311 2774.373779 2772.787109 2771.270752 2769.793213 2768.291992 2766.64209 2764.769043 2762.862549 2761.050049 2759.363037 2755.521729 2752.9729 2750.270996
2689.065918 2692.749756 2696.337891 2699.619873 2702.49585 2704.855469 2706.668213 2708.600586 2711.507324 2715.19165 2719.004883 2723.075684 2727.273438 2731.304443 2738.685547 2741.935791 2744.959229 2747.981934 2751.087158 2754.214844 2757.308838 2760.374268 2763.42749 2766.411133 2769.097168 2771.446289 2773.876953 2776.529785 2779.219238 2781.572266 2783.167725 2784.142822 2784.297119 2783.537842 2782.817139 2781.81665 2780.743896 2779.4729 2777.899414 2776.251953 2774.598145 2772.947021 2771.310547 2769.658691 2768.039551 2766.445068 2764.807617 2763.102051 2761.311768 2759.506104 2757.749756 2756.047363 2752.120361 2749.714355 2747.282959
2691.577393 2695.465332 2699.244629 2702.849365 2706.056152 2708.530273 2710.298828 2712.056885 2714.421875 2717.36792 2720.925049 2725.194824 2729.527832 2733.691406 2741.419434 2744.643555 2747.585449 2750.584229 2753.69458 2756.81665 2759.844727 2762.865234 2765.881104 2768.588135 2770.806152 2772.864502 2775.232666 2777.673096 2779.784424 2781.601074 2782.775391 2783.159912 2782.894775 2781.456787 2780.413574 2779.125488 2777.73291 2776.310303 2774.764404 2773.146729 2771.5 2769.82373 2768.128418 2766.392334 2764.656738 2762.952881 2761.240723 2759.536377 2757.82373 2756.092529 2754.367188 2752.628662 2748.578369 2746.287354 2743.878906
2693.783203 2697.895264 2702.038086 2705.871826 2709.050781 2711.594971 2713.755127 2715.730469 2717.674316 2720.029785 2723.405762 2727.627686 2731.973389 2736.401855 2744.187012 2747.196045 2750.074707 2753.061768 2756.162109 2759.284424 2762.321045 2765.342041 2768.120361 2770.332764 2772.158691 2774.091064 2776.228516 2778.101318 2779.492676 2780.638672 2781.330322 2781.364014 2780.896729 2778.732178 2777.373779 2775.995605 2774.577148 2773.149902 2771.635986 2770.005859 2768.28418 2766.493652 2764.726562 2762.973389 2761.205566 2759.468994 2757.76416 2756.08374 2754.404297 2752.713379 2750.989258 2749.223633 2745.045898 2742.657715 2740.110352
2695.736572 2700.116455 2704.620605 2708.485107 2711.528809 2714.281982 2716.914795 2719.203125 2721.156982 2723.422363 2726.525879 2730.355957 2734.742432 2739.404053 2746.732422 2749.580078 2752.471191 2755.450928 2758.546387 2761.681885 2764.772461 2767.653564 2769.91626 2771.668945 2773.35498 2775.086914 2776.625977 2777.647949 2778.279785 2778.745605 2778.919922 2778.616699 2777.888672 2775.550049 2774.180664 2772.769531 2771.330322 2769.896973 2768.349609 2766.633301 2764.812988 2762.984375 2761.21582 2759.479736 2757.72998 2756.021973 2754.387695 2752.741943 2751.070068 2749.39502 2747.636719 2745.750977 2741.317139 2738.786865 2736.193848
2697.493896 2702.140625 2706.696045 2710.461426 2713.690186 2716.854004 2719.72876 2722.210693 2724.536865 2727.103027 2730.010986 2733.508789 2737.931152 2742.452393 2748.980713 2751.839111 2754.747803 2757.703613 2760.871582 2764.083252 2767.092529 2769.508545 2771.271973 2772.741699 2774.087402 2775.184326 2775.745361 2775.953613 2776.133057 2776.12207 2775.940674 2775.399414 2774.587402 2772.29834 2770.918457 2769.456055 2767.939697 2766.38916 2764.784424 2763.057129 2761.248291 2759.453857 2757.69458 2755.997314 2754.313477 2752.644043 2751.044678 2749.426025 2747.757324 2746.026855 2744.13501 2742.042725 2737.357666 2734.832764 2732.335938
2700.122803 2704.897949 2709.188721 2712.97583 2716.818115 2720.471191 2723.567139 2726.571533 2729.789307 2733.01709 2736.217041 2739.842041 2743.664795 2746.941895 2752.680176 2755.623779 2758.321777 2761.11084 2764.576172 2767.904785 2770.026367 2771.150391 2771.733643 2771.955811 2771.94873 2771.788818 2771.615723 2771.441406 2771.061279 2770.458984 2769.760742 2768.918701 2767.89624 2765.292725 2763.724121 2762.117432 2760.537842 2758.993408 2757.461182 2755.8396 2754.168945 2752.491455 2750.808105 2749.171631 2747.539307 2745.862793 2744.153809 2742.417236 2740.600098 2738.630127 2736.536377 2734.322266 2729.564697 2727.162842 2724.83374
2700.963379 2705.744629 2709.939453 2713.735352 2717.588379 2721.246826 2724.646973 2728.089355 2731.563232 2734.922607 2738.340088 2742.005615 2745.430908 2748.36084 2754.15332 2756.931152 2759.447754 2762.155518 2765.268555 2767.915527 2769.473633 2770.058594 2770.123779 2770.023682 2769.806152 2769.494141 2769.187012 2768.837891 2768.213623 2767.313721 2766.3396 2765.29834 2764.134521 2761.337402 2759.813477 2758.291992 2756.802734 2755.312012 2753.828369 2752.271973 2750.670898 2749.038818 2747.36792 2745.7146 2744.041016 2742.315674 2740.553711 2738.740723 2736.827881 2734.801758 2732.694092 2730.473145 2725.727295 2723.356689 2721.04834
2701.708252 2706.491699 2710.600342 2714.307861 2718.028076 2721.718262 2725.450439 2729.239014 2732.883789 2736.340576 2739.919678 2743.51001 2746.606689 2749.442871 2755.443115 2757.872314 2760.066895 2762.484375 2764.810059 2766.458496 2767.413818 2767.684082 2767.531738 2767.26416 2766.849609 2766.340576 2765.824951 2765.241455 2764.471924 2763.544434 2762.563721 2761.516846 2760.29834 2757.457764 2756.016846 2754.588379 2753.162598 2751.685059 2750.194824 2748.679688 2747.120361 2745.506836 2743.825195 2742.103271 2740.372314 2738.649902 2736.907715 2735.061035 2733.048584 2730.932861 2728.771973 2726.539795 2721.846191 2719.491699 2717.194092
2702.592529 2707.233154 2711.265625 2714.881348 2718.407715 2722.136963 2726.12085 2730.062744 2733.787598 2737.354492 2741.015137 2744.489502 2747.366699 2750.211182 2756.26001 2758.424805 2760.242432 2761.892578 2763.165283 2763.960205 2764.372803 2764.409912 2764.150146 2763.769531 2763.272705 2762.655273 2761.994873 2761.266846 2760.429688 2759.556396 2758.66626 2757.703369 2756.501221 2753.674561 2752.321045 2750.975342 2749.572754 2748.09082 2746.57251 2745.036377 2743.445312 2741.797119 2740.098389 2738.345459 2736.598633 2734.887695 2733.138428 2731.232422 2729.137207 2726.981445 2724.811523 2722.593994 2717.902832 2715.572754 2713.302734
2703.886475 2708.181641 2712.123779 2715.668457 2719.031494 2722.785645 2726.848145 2730.77002 2734.524658 2738.177734 2741.789795 2745.0979 2747.892822 2750.763672 2756.330322 2758.167725 2759.464111 2760.295898 2760.773438 2761.057861 2761.117188 2760.931641 2760.550049 2760.077881 2759.543945 2758.890625 2758.156006 2757.365479 2756.506348 2755.621338 2754.709717 2753.72998 2752.564697 2749.871582 2748.605713 2747.345459 2745.966797 2744.463623 2742.903076 2741.294678 2739.626221 2737.938232 2736.243652 2734.525146 2732.779541 2730.991455 2729.141113 2727.169922 2725.06543 2722.928467 2720.778564 2718.538574 2713.84375 2711.546143 2709.303467
2705.919434 2709.769043 2713.510986 2716.899902 2720.142822 2723.90625 2727.852051 2731.614258 2735.417969 2739.139648 2742.534668 2745.543213 2748.22583 2751.063721 2755.779541 2757.074707 2757.784668 2758.044189 2758.113525 2758.128418 2757.936523 2757.515381 2756.989502 2756.407959 2755.785889 2755.112793 2754.362305 2753.541992 2752.669922 2751.737793 2750.743408 2749.675049 2748.533691 2746.065186 2744.871338 2743.656982 2742.283936 2740.731445 2739.117188 2737.454102 2735.765625 2734.101074 2732.400391 2730.666748 2728.894531 2727.02124 2725.065674 2723.030762 2720.880371 2718.665771 2716.477783 2714.237549 2709.688232 2707.403809 2705.129395
2708.681641 2712.120117 2715.51123 2718.701172 2721.904785 2725.505615 2729.139648 2732.794678 2736.73877 2740.456787 2743.557373 2746.191895 2748.743652 2751.46875 2755.086426 2755.452637 2755.322998 2755.197266 2755.020508 2754.786377 2754.38623 2753.82666 2753.239014 2752.609131 2751.938232 2751.268066 2750.570068 2749.80957 2748.953369 2747.961914 2746.897217 2745.790039 2744.696533 2742.396484 2741.194824 2739.91333 2738.505127 2736.929443 2735.304443 2733.648682 2731.984131 2730.331543 2728.606445 2726.8125 2724.956543 2723.005615 2720.930664 2718.717773 2716.44751 2714.190186 2711.996338 2709.824463 2705.498047 2703.213623 2700.876221
2711.63501 2714.775391 2717.909424 2721.071289 2724.328857 2727.59668 2730.915039 2734.658203 2738.69043 2742.228516 2744.933838 2747.142334 2749.448242 2751.731445 2753.616943 2752.977051 2752.273438 2751.879395 2751.469971 2750.998779 2750.461426 2749.87793 2749.299561 2748.703857 2748.065186 2747.426025 2746.799316 2746.146729 2745.370361 2744.391602 2743.34082 2742.276611 2741.222656 2738.951416 2737.661621 2736.232666 2734.749023 2733.184326 2731.576172 2729.951172 2728.308594 2726.634766 2724.850098 2722.960449 2720.91748 2718.713867 2716.454102 2714.135254 2711.85498 2709.654053 2707.532227 2705.474854 2701.291992 2698.987793 2696.665771
2714.574707 2717.573486 2720.668213 2723.899902 2727.121582 2730.150146 2733.410156 2737.25293 2741.140869 2744.259033 2746.510986 2748.373779 2750.079834 2751.328125 2750.723633 2749.843506 2749.175781 2748.527588 2747.838867 2747.193115 2746.618164 2746.059082 2745.505859 2744.974609 2744.400879 2743.824707 2743.26001 2742.649658 2741.9375 2741.052734 2740.10083 2739.098389 2738.025146 2735.589111 2734.19165 2732.648193 2731.078857 2729.494873 2727.903809 2726.326416 2724.685059 2722.939941 2720.975342 2718.807861 2716.502441 2714.093994 2711.728027 2709.45459 2707.296387 2705.205811 2703.147949 2701.194092 2697.056885 2694.762207 2692.555908
2717.604736 2720.640625 2723.817871 2727.055664 2730.188721 2733.312256 2736.744385 2740.450439 2743.744141 2746.116699 2748.020264 2749.508301 2750.272949 2750.217041 2747.818848 2747.219971 2746.508545 2745.529053 2744.575439 2743.794922 2743.183594 2742.622559 2742.071533 2741.569336 2741.044678 2740.519043 2739.991211 2739.378418 2738.675537 2737.846924 2736.93335 2735.947266 2734.843506 2732.135498 2730.613037 2729.018311 2727.412598 2725.813721 2724.238281 2722.657959 2720.896484 2718.900146 2716.684326 2714.307129 2711.865723 2709.444824 2707.129395 2704.938477 2702.861328 2700.812012 2698.691406 2696.611084 2692.399658 2690.290283 2688.350586
2720.826416 2723.97876 2727.206055 2730.429443 2733.614502 2736.94873 2740.448486 2743.567139 2745.802002 2747.588135 2749.418213 2750.477051 2750.199951 2748.991943 2746.169189 2745.533691 2744.456055 2743.105469 2741.881592 2740.9021 2740.134033 2739.485596 2738.874512 2738.339355 2737.82251 2737.29834 2736.758057 2736.143799 2735.453857 2734.620605 2733.654785 2732.579834 2731.382324 2728.396729 2726.834717 2725.303467 2723.710693 2722.042969 2720.343262 2718.586426 2716.64502 2714.471436 2712.119873 2709.69751 2707.297852 2704.961182 2702.727295 2700.585205 2698.413818 2696.089355 2693.625732 2691.295654 2687.289795 2685.668213 2684.225098
