Source Code/elev.asc
north: 4129520
south: 4124520
east: 307080
west: 304580
rows: 500
cols: 250
[rows 456 to 479 of 500, columns 110 to 164 of 250]
2188.352051 2187.689941 2187 2186.287598 2185.534668 2184.713379 2183.881836 2183.108154 2182.411621 2181.865234 2181.487305 2181.206299 2181.002197 2180.906738 2180.957031 2181.168945 2181.469238 2181.840576 2182.320312 2182.870605 2183.400879 2183.926514 2184.471924 2184.973877 2185.375977 2185.687012 2185.968262 2186.246094 2186.489014 2186.694092 2186.887207 2187.043701 2187.144043 2187.244873 2187.305176 2187.389893 2187.471924 2187.789795 2188.157471 2188.637451 2189.428711 2189.938721 2190.098877 2190.039062 2189.527832 2188.612061 2187.591064 2186.599854 2185.566895 2184.446533 2183.160889 2181.671143 2178.602051 2177.068604 2175.549072
2185.822754 2185.095459 2184.34082 2183.570068 2182.782959 2181.97583 2181.198242 2180.501953 2179.902588 2179.435303 2179.082275 2178.805664 2178.62085 2178.517334 2178.571533 2178.757812 2179.041504 2179.409668 2179.864014 2180.369629 2180.892822 2181.401123 2181.888184 2182.365234 2182.78833 2183.114258 2183.414062 2183.73584 2184.023926 2184.28125 2184.530762 2184.780273 2184.949707 2185.205078 2185.338379 2185.451904 2185.609131 2185.851807 2186.216553 2186.862305 2187.657471 2188.405518 2189.135498 2189.555176 2189.314209 2188.565918 2187.675781 2186.78418 2185.831299 2184.790039 2183.595947 2182.121094 2179.005615 2177.413574 2175.817627
2183.334473 2182.520508 2181.707764 2180.912598 2180.118408 2179.359619 2178.648438 2177.99707 2177.457764 2177.041992 2176.722656 2176.472412 2176.287598 2176.196045 2176.199707 2176.378174 2176.664062 2177.042236 2177.512451 2178.04126 2178.564453 2179.042969 2179.4729 2179.90918 2180.328857 2180.661621 2180.970703 2181.286621 2181.571533 2181.862793 2182.157227 2182.4375 2182.664551 2183.180664 2183.418213 2183.609863 2183.900391 2184.263428 2184.756104 2185.463379 2186.198486 2187.147949 2188.36792 2189.177979 2189.132812 2188.530518 2187.763428 2186.969238 2186.076416 2185.098145 2183.99292 2182.592285 2179.368408 2177.739014 2176.103516
2180.792725 2179.964355 2179.130127 2178.307861 2177.493408 2176.75 2176.096436 2175.561768 2175.139404 2174.757324 2174.460938 2174.28833 2174.149658 2174.05127 2173.99707 2174.1604 2174.443848 2174.849854 2175.348633 2175.889648 2176.390137 2176.823242 2177.210205 2177.599121 2177.989014 2178.320801 2178.634277 2178.938477 2179.210205 2179.496338 2179.765625 2180.048096 2180.334473 2181.205322 2181.597168 2181.889893 2182.337158 2182.926025 2183.674561 2184.491699 2185.302002 2186.424072 2187.868652 2188.884766 2188.969727 2188.494141 2187.84375 2187.118408 2186.287354 2185.352051 2184.312988 2183.006836 2179.693604 2178.026855 2176.35791
2178.208252 2177.384033 2176.543457 2175.7146 2174.893311 2174.13916 2173.552979 2173.21582 2173.012207 2172.807617 2172.653564 2172.608643 2172.586426 2172.543945 2172.553467 2172.667725 2172.833984 2173.143555 2173.522705 2173.946045 2174.370117 2174.75 2175.089844 2175.418701 2175.758057 2176.064453 2176.353516 2176.645996 2176.921631 2177.185303 2177.412842 2177.696045 2178.006104 2179.177734 2179.865967 2180.41333 2181.100098 2181.956299 2182.971191 2184.023926 2184.965332 2186.063721 2187.389648 2188.432129 2188.689453 2188.371582 2187.863525 2187.226807 2186.455811 2185.562012 2184.616699 2183.379639 2179.979492 2178.274902 2176.610107
2175.598877 2174.772705 2173.949707 2173.220703 2172.629883 2172.119141 2171.740967 2171.594971 2171.523438 2171.42041 2171.384033 2171.460205 2171.519043 2171.544189 2171.632812 2171.714844 2171.800781 2172.017334 2172.29541 2172.57666 2172.846436 2173.098145 2173.34375 2173.551758 2173.760254 2173.973877 2174.183838 2174.42749 2174.692139 2174.947021 2175.13916 2175.357666 2175.650879 2177.042236 2178.084229 2179.083008 2180.166748 2181.365967 2182.699707 2184.022217 2185.042725 2186.03418 2187.313477 2188.405762 2188.690186 2188.380859 2187.902344 2187.278564 2186.497803 2185.655518 2184.75293 2183.596191 2180.184326 2178.467529 2176.786133
2173.131836 2172.537354 2171.962158 2171.511963 2171.186523 2170.814697 2170.495361 2170.39917 2170.377197 2170.359863 2170.405273 2170.506348 2170.581787 2170.642334 2170.790771 2170.785889 2170.894043 2171.146729 2171.421143 2171.641846 2171.824951 2171.986328 2172.13208 2172.184326 2172.215088 2172.31958 2172.454346 2172.628418 2172.832275 2173.037109 2173.169922 2173.279541 2173.514648 2175.113281 2176.452148 2177.857178 2179.355225 2180.943848 2182.64502 2184.196777 2185.223877 2186.234619 2187.671143 2188.793701 2189.006348 2188.677979 2188.00415 2187.189453 2186.42627 2185.602051 2184.720215 2183.623047 2180.299316 2178.592773 2176.869385
2171.418213 2171.003174 2170.597412 2170.375488 2170.191162 2169.766113 2169.378418 2169.300293 2169.315186 2169.383545 2169.527344 2169.67334 2169.752197 2169.788574 2169.972412 2169.890137 2170.036133 2170.310791 2170.535156 2170.736328 2170.936523 2171.124023 2171.174072 2171.085938 2171.059326 2171.159424 2171.29126 2171.425293 2171.574463 2171.712891 2171.790283 2171.876221 2172.080566 2173.789795 2175.368408 2177.019775 2178.825928 2180.762939 2182.760742 2184.40625 2185.198242 2186.427246 2188.181396 2189.176758 2189.207764 2188.717529 2187.977051 2187.160645 2186.340576 2185.44751 2184.596924 2183.522705 2180.31543 2178.627441 2176.918945
2170.189697 2169.838135 2169.489502 2169.407227 2169.286377 2168.780762 2168.316162 2168.27002 2168.410889 2168.625488 2168.791748 2168.980957 2169.085449 2169.098633 2169.156738 2169.139893 2169.386475 2169.64917 2169.831543 2170.039062 2170.241211 2170.422607 2170.3479 2170.16626 2170.196045 2170.335205 2170.460205 2170.589844 2170.749268 2170.873047 2170.949219 2171.131348 2171.413818 2173.150146 2174.832764 2176.671387 2178.675781 2180.863525 2183.054688 2184.727051 2185.731934 2186.962158 2188.144775 2188.748535 2189.05835 2188.664551 2187.908203 2187.25415 2186.277588 2185.257568 2184.444824 2183.403076 2180.314941 2178.663574 2176.961426
2169.065918 2168.717041 2168.396973 2168.449219 2168.42334 2167.832764 2167.249023 2167.271973 2167.651123 2168.071533 2168.241699 2168.445801 2168.620117 2168.666504 2168.590576 2168.658447 2169.000488 2169.270508 2169.459717 2169.652832 2169.836426 2169.988281 2169.92334 2169.844482 2169.949219 2170.07251 2170.193115 2170.320557 2170.406738 2170.475098 2170.5354 2170.723389 2171.093262 2172.949219 2174.56543 2176.557129 2178.76001 2181.118408 2183.337646 2185.024902 2186.393066 2187.586182 2188.784424 2189.456543 2189.03418 2188.376953 2187.803711 2187.25293 2186.159668 2185.027588 2184.162354 2183.138428 2180.307129 2178.713379 2177.064697
2168.053223 2167.720459 2167.451416 2167.566895 2167.626953 2167.018066 2166.382324 2166.510986 2167.019531 2167.486084 2167.75 2168.037109 2168.307373 2168.411621 2168.440918 2168.582764 2168.887939 2169.140137 2169.375732 2169.571533 2169.72998 2169.881836 2169.99707 2170.101807 2170.251953 2170.373047 2170.512451 2170.611816 2170.605469 2170.604736 2170.606689 2170.677734 2170.971924 2172.888184 2174.383789 2176.576904 2178.963867 2181.395508 2183.625488 2185.296143 2186.85498 2188.248047 2189.984375 2190.746338 2189.841064 2188.891602 2188.000977 2187.213379 2186.00415 2184.79126 2183.79541 2182.767334 2180.22998 2178.732666 2177.231201
2167.092529 2166.812744 2166.599365 2166.708984 2166.819336 2166.337646 2165.825928 2166.02417 2166.443848 2166.820312 2167.2146 2167.592285 2167.929932 2168.108154 2168.313232 2168.625732 2168.946289 2169.23999 2169.531738 2169.770996 2169.963379 2170.155029 2170.404053 2170.658447 2170.883789 2171.052246 2171.199707 2171.281006 2171.255615 2171.258057 2171.231445 2171.179199 2171.332031 2173.112305 2174.719971 2177.012451 2179.490967 2181.917236 2184.068604 2185.743652 2187.398926 2189.071777 2190.87793 2191.497314 2190.881104 2189.866455 2188.511963 2187.313232 2186.006104 2184.759277 2183.666504 2182.53833 2180.158691 2178.794678 2177.372559
2166.05957 2165.810303 2165.590576 2165.698975 2165.851074 2165.561279 2165.283203 2165.503662 2165.754883 2166.124268 2166.682861 2167.170654 2167.567871 2167.817627 2168.379639 2168.845459 2169.209473 2169.544189 2169.873047 2170.148682 2170.373535 2170.587646 2170.905273 2171.253174 2171.571289 2171.8396 2172.095947 2172.317139 2172.459473 2172.63916 2172.745361 2172.783691 2172.938965 2174.376221 2175.92041 2178.007324 2180.341064 2182.605225 2184.616699 2186.433838 2188.211914 2189.987305 2191.501709 2191.878662 2191.276367 2190.248535 2188.832031 2187.456543 2186.172852 2184.95166 2183.817383 2182.417236 2180.106934 2178.844238 2177.450684
2164.974121 2164.719238 2164.513184 2164.613281 2164.780518 2164.689209 2164.669922 2164.906006 2165.078857 2165.512207 2166.201416 2166.819092 2167.277832 2167.614014 2168.617188 2169.180664 2169.60376 2169.957031 2170.285889 2170.574707 2170.80957 2171.008789 2171.312012 2171.727295 2172.154785 2172.568604 2173.057373 2173.587646 2174.111816 2174.705078 2175.205078 2175.590332 2175.905029 2176.725098 2177.878174 2179.456543 2181.291504 2183.167236 2185.06543 2187.152588 2189.230225 2190.979736 2192.0354 2191.813721 2191.066895 2190.182373 2188.679443 2187.345703 2186.179199 2185.054688 2183.931396 2182.342529 2179.887939 2178.655029 2177.280029
2163.890381 2163.660889 2163.538818 2163.598633 2163.755859 2163.814453 2163.914795 2164.195557 2164.575195 2165.196777 2165.994141 2166.728027 2167.338379 2167.84375 2169.078125 2169.625 2170.038818 2170.380127 2170.670166 2170.920898 2171.135254 2171.334229 2171.635498 2172.144531 2172.758057 2173.355957 2174.091797 2174.981201 2176.039551 2177.310791 2178.519775 2179.393555 2179.86377 2179.675781 2180.217529 2181.193604 2182.429443 2183.822021 2185.670898 2188.110107 2190.509521 2192.097168 2192.460449 2191.653076 2190.767578 2189.64502 2187.999023 2186.918457 2185.893066 2184.90625 2183.818115 2182.266357 2179.425293 2178.157471 2176.800537
2162.840576 2162.716553 2162.644775 2162.6604 2162.80542 2162.98999 2163.214111 2163.64502 2164.301758 2165.182617 2166.177734 2167.10083 2167.884033 2168.521484 2169.749023 2170.222412 2170.58374 2170.888916 2171.148926 2171.411865 2171.676025 2171.939453 2172.312256 2172.918213 2173.660889 2174.416016 2175.34375 2176.561279 2178.113525 2179.945557 2181.658936 2182.86377 2183.408447 2182.681152 2182.716309 2183.324707 2184.355957 2185.614502 2187.492432 2189.935547 2191.907715 2192.884521 2192.672852 2191.78833 2190.812988 2189.015625 2187.234131 2186.434814 2185.349365 2184.500732 2183.401123 2181.896729 2178.783691 2177.380615 2176.035645
2161.790039 2161.74707 2161.739502 2161.813232 2162.036377 2162.318604 2162.771973 2163.524658 2164.461914 2165.627197 2166.860596 2167.906982 2168.724609 2169.324951 2170.453613 2170.870117 2171.214355 2171.575195 2171.93042 2172.302002 2172.689453 2173.059326 2173.51001 2174.124268 2174.881104 2175.754883 2176.837158 2178.238037 2179.969238 2181.906494 2183.669922 2184.979492 2185.656494 2185.467529 2185.595215 2186.321533 2187.592041 2189.116211 2190.795898 2192.287354 2192.928711 2193.011963 2192.621338 2191.695557 2190.454834 2188.799805 2187.182861 2185.80542 2184.575684 2183.941406 2182.866699 2181.318604 2177.981201 2176.416748 2175.119385
2160.800537 2160.861572 2160.933838 2161.100098 2161.447021 2161.945312 2162.736572 2163.833984 2165.057129 2166.436279 2167.768555 2168.786621 2169.519287 2170.04541 2171.124268 2171.626709 2172.102051 2172.624023 2173.128906 2173.582275 2174.036377 2174.48999 2174.98291 2175.579346 2176.33667 2177.257812 2178.358643 2179.729248 2181.404297 2183.248779 2184.995117 2186.423828 2187.413574 2188.266357 2188.923096 2190.064209 2191.498535 2192.951172 2193.9729 2194.162842 2193.778809 2193.317383 2192.697266 2191.635986 2190.235352 2188.675293 2187.030762 2185.488037 2184.369873 2183.407227 2182.166016 2180.488525 2176.912354 2175.230957 2173.992676
2160.109619 2160.13623 2160.230957 2160.580322 2161.277588 2162.173584 2163.207275 2164.476562 2165.888184 2167.301514 2168.547852 2169.455322 2170.142578 2170.686523 2171.910156 2172.631104 2173.326416 2173.97168 2174.53833 2175.026123 2175.512207 2176.015137 2176.534912 2177.153809 2177.91626 2178.794678 2179.794678 2181.059082 2182.700439 2184.545166 2186.37793 2187.981201 2189.283203 2191.153564 2192.130127 2193.381836 2194.621826 2195.60376 2195.948975 2195.494385 2194.745117 2194 2193.115967 2191.883545 2190.339844 2188.682617 2186.915039 2185.250244 2183.996094 2182.841797 2181.380615 2179.441162 2175.599609 2173.956543 2172.807861
2158.901855 2159.145264 2159.735107 2160.793457 2162.171631 2163.540283 2164.829346 2166.338867 2167.971191 2169.325928 2170.383545 2171.17749 2171.8396 2172.527344 2174.231689 2175.073242 2175.885498 2176.61377 2177.254883 2177.838135 2178.397705 2178.953857 2179.515381 2180.145508 2180.905518 2181.813721 2182.842041 2184.067871 2185.667969 2187.582764 2189.631104 2191.578125 2193.205811 2195.624023 2196.513672 2197.224609 2197.636719 2197.706055 2197.358154 2196.664062 2195.939453 2195.208984 2194.095459 2192.421143 2190.462646 2188.380127 2186.438965 2184.770996 2183.018066 2181.217285 2179.043701 2176.696289 2172.72876 2171.402832 2170.339355
2158.67041 2159.202393 2160.122559 2161.470703 2163.010986 2164.471191 2165.901123 2167.442383 2168.957275 2170.259277 2171.29126 2172.126953 2172.926758 2173.797852 2175.559082 2176.368896 2177.159912 2177.907471 2178.591064 2179.19751 2179.773682 2180.364502 2180.957275 2181.569092 2182.298828 2183.218994 2184.289795 2185.54541 2187.164551 2189.108398 2191.152832 2193.163818 2194.795898 2196.865723 2197.625732 2197.98877 2198.000977 2197.749268 2197.347168 2196.789551 2196.087646 2195.274902 2194.024414 2192.242188 2190.208984 2188.10376 2186.144775 2184.345215 2182.358398 2180.076172 2177.589111 2175.099854 2171.05542 2169.578857 2168.225586
2158.770996 2159.544678 2160.730957 2162.287598 2163.925781 2165.524902 2167.089844 2168.630615 2170.05542 2171.273682 2172.269287 2173.179443 2174.139404 2175.148438 2176.912842 2177.719971 2178.502441 2179.240723 2179.923096 2180.555908 2181.161621 2181.780273 2182.379395 2182.910889 2183.496338 2184.358887 2185.496094 2186.887695 2188.62793 2190.536865 2192.411377 2194.192139 2195.679199 2197.564697 2197.96167 2197.966797 2197.788086 2197.463135 2197.032959 2196.493896 2195.810303 2194.892578 2193.530273 2191.777344 2189.834473 2187.854736 2185.909424 2183.880371 2181.527344 2178.799805 2176.030762 2173.411621 2169.126709 2167.314209 2165.585449
2159.019043 2160.009277 2161.432129 2163.12207 2164.852295 2166.600098 2168.281738 2169.857178 2171.231201 2172.351074 2173.338623 2174.308105 2175.364502 2176.481934 2178.290771 2179.101074 2179.880371 2180.606445 2181.266602 2181.900635 2182.505615 2183.046387 2183.534424 2183.99707 2184.539551 2185.311035 2186.562988 2188.317627 2190.14624 2191.749756 2193.212646 2194.713379 2195.987793 2197.522461 2197.631592 2197.509766 2197.276367 2196.937744 2196.501465 2195.920166 2195.121094 2194.060059 2192.72168 2191.122559 2189.321777 2187.466064 2185.608154 2183.426758 2180.610107 2177.408203 2174.311279 2171.625977 2167.018555 2164.867676 2162.900391
2159.275391 2160.504639 2162.106201 2163.862549 2165.727295 2167.647949 2169.420898 2170.959473 2172.271973 2173.38208 2174.395264 2175.438477 2176.598389 2177.821045 2179.71167 2180.522705 2181.262207 2181.951172 2182.565918 2183.077637 2183.556396 2183.990723 2184.411377 2184.894531 2185.538818 2186.51001 2187.91748 2189.637451 2191.300537 2192.561768 2193.556641 2194.696289 2195.825684 2197.006592 2197.011963 2196.827393 2196.532959 2196.167236 2195.70752 2195.020508 2194.072266 2192.951172 2191.68457 2190.229248 2188.634033 2186.977539 2185.28418 2183.002686 2179.595947 2175.824951 2172.462891 2169.776855 2164.763428 2162.374268 2160.367676
